0 0.241453125 0.15288888888888888 0.031083333333333334 0.054740740740740736
0 0.4787604166666667 0.4461851851851852 0.057187499999999995 0.14160185185185187
0 0.513671875 0.7109351851851852 0.08386458333333334 0.2506481481481481
0 0.2612291666666667 0.3593796296296296 0.06042708333333333 0.10107407407407407
0 0.3471666666666666 0.01175925925925926 0.015250000000000001 0.022444444444444444
0 0.3208020833333334 0.03486111111111111 0.01678645833333333 0.02962037037037037
0 0.3376458333333333 0.15516666666666667 0.027177083333333334 0.05056481481481481
0 0.326171875 0.062120370370370374 0.019609375 0.03113888888888889
1 0.2924791666666666 0.016101851851851853 0.015192708333333334 0.026379629629629628
0 0.321046875 0.012907407407407407 0.015078125 0.025092592592592593
0 0.705078125 0.9244814814814816 0.11676041666666667 0.1499537037037037
0 0.3364270833333334 0.0034629629629629633 0.013223958333333334 0.006851851851851852