0 0.24059895833333333 0.15928703703703703 0.03204166666666667 0.05675
0 0.2973645833333334 0.004537037037037037 0.0057083333333333335 0.008861111111111111
0 0.37378125 0.07725925925925926 0.020140625000000002 0.03285185185185185
0 0.4958489583333333 0.6766481481481481 0.08038541666666667 0.23437037037037037
0 0.2932135416666667 0.14626851851851852 0.028703125 0.04831481481481482
0 0.4162604166666667 0.17133333333333334 0.031083333333333334 0.04866666666666667
0 0.31738541666666664 0.015787037037037037 0.014619791666666666 0.02424074074074074
0 0.328859375 0.07975 0.021333333333333333 0.03643518518518519
1 0.15283333333333332 0.6024351851851851 0.12511979166666667 0.2424074074074074
0 0.4743645833333333 0.35090740740740745 0.049588541666666666 0.10585185185185185
0 0.2839375 0.2456574074074074 0.038239583333333334 0.065
0 0.33984375 0.15375 0.028703125 0.04885185185185185
0 0.3464375 0.22352777777777777 0.028593749999999998 0.06401851851851852
0 0.190671875 0.8984351851851852 0.14880208333333333 0.20258333333333334