0 0.24096875 0.15928703703703703 0.030916666666666665 0.055768518518518516
0 0.3474114583333333 0.019018518518518518 0.014505208333333333 0.023962962962962964
0 0.3220208333333333 0.03314814814814815 0.014786458333333334 0.02815740740740741
0 0.2934583333333334 0.05536111111111111 0.01777604166666667 0.02762962962962963
0 0.3166510416666667 0.005314814814814815 0.013276041666666665 0.010638888888888889
0 0.2932135416666667 0.02949074074074074 0.014557291666666666 0.02538888888888889
0 0.3754895833333334 0.08735185185185186 0.02271875 0.03621296296296296
0 0.4045416666666667 0.1429074074074074 0.028546875000000003 0.05056481481481481
1 0.2927239583333333 0.10899074074074074 0.028489583333333336 0.057833333333333334
0 0.33325 0.08750925925925926 0.022078125 0.03916666666666666
0 0.317625 0.38325000000000004 0.05108854166666667 0.10351851851851851
0 0.340578125 0.15212962962962964 0.027479166666666666 0.05170370370370371
0 0.32934375 0.2547777777777778 0.03860416666666667 0.07128703703703704