0 0.5263697916666666 0.7947037037037037 0.095703125 0.29383333333333334
0 0.24108854166666666 0.15321296296296297 0.031020833333333334 0.05762037037037037
0 0.3227552083333334 0.05229629629629629 0.017442708333333334 0.028731481481481483
0 0.352296875 0.021425925925925928 0.017041666666666667 0.026490740740740742
0 0.328859375 0.08078703703703703 0.021010416666666667 0.03412962962962963
0 0.337890625 0.19064814814814815 0.03149479166666667 0.05859259259259259
0 0.3168958333333334 0.004037037037037038 0.011734375 0.007814814814814814
0 0.340578125 0.006666666666666667 0.012192708333333333 0.012861111111111111
0 0.4821770833333333 0.4683148148148148 0.05813541666666667 0.15234259259259259
1 0.2924791666666666 0.023694444444444445 0.017515625 0.03040740740740741
0 0.21191666666666667 0.5004351851851853 0.08691666666666667 0.1481111111111111
0 0.3227552083333334 0.025685185185185182 0.015901041666666667 0.026287037037037036