0 0.2404791666666667 0.1582037037037037 0.031984374999999995 0.05837962962962963
0 0.31933854166666664 0.012657407407407407 0.014671875000000001 0.024064814814814813
1 0.2907708333333333 0.1567962962962963 0.03515625 0.06993518518518518
0 0.35815625 0.04359259259259259 0.017911458333333335 0.028046296296296295
0 0.3264166666666667 0.04052777777777778 0.018828124999999998 0.030296296296296297
0 0.4333489583333333 0.21321296296296297 0.037385416666666664 0.06749074074074074
0 0.33984375 0.14442592592592593 0.02790625 0.04988888888888889
0 0.39575 0.13173148148148148 0.028546875000000003 0.04475925925925926
0 0.29199479166666664 0.048018518518518516 0.017713541666666666 0.027740740740740743
0 0.3286145833333334 0.06141666666666667 0.016020833333333335 0.027425925925925927
0 0.3403333333333334 0.006564814814814815 0.012921875 0.012759259259259258
0 0.3415520833333333 0.23827777777777776 0.03555208333333334 0.07075
0 0.2993177083333334 0.4461851851851852 0.06335416666666667 0.1270648148148148
0 0.2944322916666666 0.08105555555555556 0.02025 0.0361574074074074
0 0.19250520833333334 0.8263888888888888 0.13000520833333334 0.2649722222222222