0 0.24133333333333334 0.1576574074074074 0.03085416666666667 0.05837962962962963
0 0.321046875 0.02962037037037037 0.016098958333333333 0.026805555555555555
0 0.369875 0.06488888888888888 0.021484375 0.0330925925925926
1 0.2927239583333333 0.052 0.02140625 0.04622222222222223
0 0.4895 0.613712962962963 0.07171875 0.20583333333333334
0 0.35254166666666664 0.033935185185185186 0.017104166666666667 0.026805555555555555
0 0.33691666666666664 0.16048148148148147 0.028166666666666666 0.04812037037037037
0 0.315671875 0.007472222222222222 0.011828125 0.014944444444444444
0 0.330078125 0.11262962962962964 0.024703125 0.039629629629629626
0 0.317625 0.389537037037037 0.051453125 0.11122222222222222
0 0.3303229166666667 0.06662037037037037 0.0195 0.0330925925925926