0 0.24133333333333334 0.1576574074074074 0.03125 0.058916666666666666
0 0.3151875 0.006555555555555556 0.011067708333333334 0.01312037037037037
0 0.35058854166666664 0.030083333333333333 0.016098958333333333 0.026194444444444444
0 0.3361822916666667 0.14941666666666667 0.027067708333333333 0.0472037037037037
0 0.3674322916666667 0.059953703703703703 0.021531250000000002 0.03198148148148148
1 0.2927239583333333 0.04950925925925926 0.021817708333333335 0.042833333333333334
0 0.3295885416666666 0.06342592592592593 0.019166666666666665 0.03174074074074074
0 0.321046875 0.02578703703703704 0.015671875 0.025685185185185182
0 0.3237291666666666 0.35785185185185187 0.04858333333333333 0.102
0 0.49096875 0.5894074074074074 0.06927604166666666 0.19541666666666668
0 0.32910416666666664 0.10411111111111111 0.02422916666666667 0.039009259259259264