0 0.24072395833333332 0.15875 0.031796874999999995 0.057185185185185186
0 0.2932135416666667 0.10449074074074073 0.023286458333333333 0.038657407407407404
0 0.4841302083333333 0.4531296296296296 0.05844270833333333 0.1402962962962963
0 0.3422864583333334 0.14887037037037038 0.022677083333333334 0.04342592592592592
0 0.336671875 0.10313888888888889 0.02409375 0.03849074074074074
1 0.24963541666666667 0.35437962962962966 0.07055729166666666 0.1380185185185185
0 0.314453125 0.005833333333333334 0.012427083333333333 0.011675925925925925
0 0.29296875 0.1686203703703704 0.029541666666666667 0.04961111111111111
0 0.45434375 0.26931481481481484 0.042874999999999996 0.08105555555555556
0 0.392578125 0.11816666666666667 0.025223958333333334 0.04000925925925926
0 0.360109375 0.04543518518518518 0.017302083333333333 0.029157407407407406
0 0.32519791666666664 0.051814814814814814 0.01836979166666667 0.03160185185185185
0 0.32421875 0.42491666666666666 0.05975520833333334 0.12412962962962963
0 0.19299479166666667 0.8619814814814816 0.15234375 0.26887962962962964