0 0.24096875 0.1590740740740741 0.03155729166666667 0.057185185185185186
0 0.2927239583333333 0.13075 0.025953125 0.04475925925925926
0 0.4079583333333333 0.15266666666666667 0.028760416666666667 0.04622222222222223
0 0.339109375 0.13433333333333333 0.027526041666666667 0.04432407407407407
0 0.36840625 0.06575925925925925 0.019640625000000002 0.03113888888888889
0 0.46875 0.3220462962962963 0.046906250000000003 0.09564814814814815
0 0.28808854166666664 0.21582407407407408 0.034026041666666666 0.05962037037037037
0 0.3454583333333333 0.19194444444444445 0.027588541666666667 0.05642592592592592
0 0.4924322916666667 0.582462962962963 0.06982291666666667 0.19271296296296295
1 0.19872916666666668 0.4908888888888889 0.09722916666666667 0.1912962962962963
0 0.3161614583333333 0.011944444444444445 0.013848958333333333 0.022444444444444444
0 0.327390625 0.06965740740740742 0.02021875 0.033796296296296297
0 0.2592760416666667 0.6970462962962962 0.10650520833333334 0.2311203703703704
0 0.3005364583333333 0.0034537037037037036 0.0059375 0.006907407407407407