0 0.24072395833333332 0.1582037037037037 0.03125 0.05750925925925926
0 0.336671875 0.2437037037037037 0.035734375 0.06775925925925927
0 0.3620625 0.05962037037037037 0.019453125 0.03113888888888889
0 0.491453125 0.8337685185185185 0.093203125 0.317712962962963
0 0.3354479166666666 0.10373148148148148 0.022765625 0.04085185185185185
0 0.318359375 0.014962962962962963 0.014005208333333333 0.02862037037037037
1 0.29296875 0.07926851851851852 0.025083333333333332 0.049805555555555554
0 0.293703125 0.03621296296296296 0.015192708333333334 0.026694444444444444
0 0.3400885416666667 0.0064907407407407405 0.012427083333333333 0.012611111111111111
0 0.3266614583333334 0.05462962962962963 0.019302083333333334 0.03100925925925926
0 0.2265625 0.7408888888888888 0.108765625 0.2311203703703704
0 0.33301041666666664 0.1698148148148148 0.029645833333333333 0.05162037037037037
0 0.3855 0.09906481481481481 0.02422916666666667 0.04014814814814815