0 0.348875 0.015018518518518518 0.016020833333333335 0.026379629629629628
0 0.24133333333333334 0.15234259259259259 0.0313125 0.05762037037037037
0 0.3381354166666667 0.16774999999999998 0.029645833333333333 0.052703703703703704
0 0.5151354166666666 0.7430555555555556 0.08990625000000001 0.2680092592592592
0 0.327390625 0.06927777777777777 0.019838541666666668 0.03323148148148148
0 0.47949479166666664 0.4544259259259259 0.05898958333333334 0.14778703703703705
0 0.32129166666666664 0.04225925925925926 0.016921875 0.02962037037037037
0 0.24450520833333333 0.40712037037037035 0.069640625 0.11447222222222221
1 0.292234375 0.0185 0.016588541666666668 0.028944444444444446
0 0.6923854166666668 0.9826388888888888 0.07861458333333333 0.03241666666666666
0 0.322265625 0.017268518518518516 0.015015625 0.025583333333333333