0 0.24096875 0.15875 0.03125 0.05620370370370371
0 0.33105729166666664 0.0770925925925926 0.020171875 0.03572222222222222
0 0.344484375 0.012907407407407407 0.014229166666666666 0.02415740740740741
0 0.3708489583333333 0.07899074074074074 0.022291666666666664 0.034666666666666665
0 0.321046875 0.02862037037037037 0.013479166666666665 0.025685185185185182
0 0.33886979166666664 0.13530555555555554 0.0260625 0.04649074074074074
0 0.2932135416666667 0.02599074074074074 0.014114583333333335 0.02175925925925926
0 0.32690625 0.33073148148148146 0.045682291666666666 0.08849074074074073
0 0.3208020833333334 0.014277777777777778 0.0140625 0.024712962962962964
0 0.48046875 0.9377685185185185 0.12359375 0.1244537037037037
0 0.3159166666666666 0.0047314814814814815 0.012479166666666668 0.00935185185185185
0 0.33105729166666664 0.22243518518518518 0.035734375 0.06401851851851852
1 0.2932135416666667 0.0974351851851852 0.02773958333333333 0.056861111111111105
0 0.3981927083333333 0.12868518518518518 0.026807291666666667 0.04613888888888889
0 0.293703125 0.04831481481481482 0.017041666666666667 0.027314814814814816