0 0.293703125 0.13368518518518518 0.025177083333333336 0.042509259259259254
0 0.24096875 0.1590740740740741 0.031614583333333335 0.05739814814814815
0 0.4741197916666666 0.35633333333333334 0.04858333333333333 0.11002777777777778
0 0.43652604166666664 0.21777777777777776 0.03775 0.06428703703703705
0 0.37988541666666664 0.08962962962962963 0.022630208333333336 0.0330925925925926
0 0.332765625 0.0777962962962963 0.020447916666666666 0.033990740740740745
0 0.35254166666666664 0.027740740740740743 0.015541666666666667 0.02462037037037037
0 0.2927239583333333 0.08322222222222221 0.020723958333333334 0.034527777777777775
0 0.337890625 0.11371296296296296 0.020338541666666664 0.034527777777777775
0 0.323 0.036787037037037035 0.01621875 0.027203703703703702
0 0.3122552083333333 0.0025277777777777777 0.010328124999999999 0.005055555555555555
0 0.29809375 0.5099814814814815 0.07421875 0.1467037037037037
0 0.3413072916666666 0.28624074074074074 0.040010416666666666 0.08274074074074074
1 0.2751458333333333 0.2675740740740741 0.050994791666666664 0.10547222222222222