0 0.346923828125 0.011271158854166666 0.015075683593750002 0.021592881944444444
0 0.47900390625 0.4448784722222222 0.05718994140625 0.1423611111111111
0 0.70751953125 0.9123263888888888 0.1229248046875 0.1689453125
0 0.51318359375 0.7065972222222222 0.08331298828125 0.24913194444444445
0 0.320556640625 0.03553602430555555 0.016403198242187503 0.02804904513888889
0 0.2413330078125 0.1528862847222222 0.0310211181640625 0.054633246527777776
1 0.292724609375 0.0164794921875 0.01473236083984375 0.024427625868055556
0 0.263671875 0.3506944444444444 0.0582275390625 0.09798177083333333
0 0.325927734375 0.06141493055555555 0.0193023681640625 0.030192057291666668
0 0.337890625 0.15049913194444445 0.0272216796875 0.05251736111111111
0 0.32080078125 0.011400010850694444 0.0143890380859375 0.021755642361111112
0 0.335693359375 0.003452724880642361 0.01229095458984375 0.006905449761284722