0 0.24169791666666668 0.15646296296296294 0.031020833333333334 0.05815740740740741
0 0.486328125 0.5507777777777778 0.06622395833333333 0.1793611111111111
0 0.3278802083333333 0.08946296296296297 0.022630208333333336 0.03805555555555556
0 0.5322291666666666 0.9383703703703704 0.100890625 0.11577777777777779
0 0.33471875 0.13053703703703703 0.025328125 0.04172222222222222
0 0.3200677083333333 0.019083333333333334 0.014114583333333335 0.021675925925925925
0 0.3303229166666667 0.3027314814814815 0.04083333333333334 0.08555555555555557
0 0.348390625 0.024333333333333335 0.015192708333333334 0.02200925925925926
0 0.3278802083333333 0.05422222222222223 0.018432291666666666 0.02937962962962963
0 0.3635260416666667 0.04988888888888889 0.020171875 0.029268518518518517
0 0.3146979166666667 0.004805555555555556 0.010734374999999999 0.00935185185185185