0 0.2413330078125 0.15104166666666666 0.0312042236328125 0.05826822916666666
0 0.478515625 0.4385850694444444 0.056854248046875 0.142578125
0 0.51171875 0.6857638888888888 0.08404541015625 0.23567708333333331
0 0.32470703125 0.05514865451388889 0.0192718505859375 0.030544704861111112
0 0.320068359375 0.031141493055555556 0.016403198242187503 0.024522569444444444
0 0.3369140625 0.1416015625 0.0279541015625 0.050374348958333336
0 0.272705078125 0.3161892361111111 0.0531005859375 0.0862087673611111
1 0.2916191776759626 0.014443520612506793 0.021895798080603632 0.02888704122501359
0 0.320556640625 0.008090549045138888 0.013427734375 0.016181098090277776
0 0.345947265625 0.010030110677083334 0.01490020751953125 0.0191650390625
0 0.72021484375 0.8763020833333334 0.1312255859375 0.2419704861111111