0 0.3591302083333333 0.03938888888888889 0.019010416666666665 0.027740740740740743
0 0.24169791666666668 0.15451851851851853 0.030916666666666665 0.05826851851851852
0 0.53125 0.8923333333333333 0.106875 0.21533333333333335
0 0.326171875 0.04307407407407408 0.019088541666666667 0.02949074074074074
0 0.3452135416666666 0.015546296296296296 0.014619791666666666 0.024064814814814813
0 0.3264166666666667 0.0770925925925926 0.021364583333333336 0.03477777777777778
0 0.3186041666666667 0.011620370370370371 0.013739583333333333 0.02185185185185185
0 0.4877916666666666 0.5173611111111112 0.063046875 0.16742592592592592
0 0.3354479166666666 0.26020370370370366 0.037203125000000004 0.07248148148148148
0 0.3325208333333334 0.11262962962962964 0.023375 0.037981481481481484
0 0.06851041666666666 0.8780370370370371 0.13702604166666665 0.23958333333333334
1 0.29296875 0.03749074074074074 0.019791666666666666 0.031842592592592596