0 0.3198229166666666 0.013111111111111112 0.014734375 0.024712962962962964
0 0.32690625 0.04155555555555556 0.018692708333333332 0.02984259259259259
0 0.3969739583333334 0.13335185185185186 0.029203125 0.04543518518518518
0 0.3596197916666667 0.044083333333333335 0.018338541666666666 0.028833333333333332
0 0.4333489583333333 0.2159259259259259 0.0378125 0.06965740740740742
0 0.3403333333333334 0.006638888888888889 0.012052083333333333 0.013111111111111112
0 0.3286145833333334 0.06282407407407407 0.01621875 0.027203703703703702
0 0.2973645833333334 0.45616666666666666 0.065125 0.12868518518518518
0 0.340578125 0.14702777777777776 0.02880729166666667 0.05007407407407407
1 0.2907708333333333 0.15841666666666668 0.03561458333333333 0.07085185185185185
0 0.292234375 0.04820370370370371 0.01815625 0.028731481481481483
0 0.1818854166666667 0.8554722222222222 0.13708333333333333 0.2701851851851852
0 0.293703125 0.08213888888888889 0.02069270833333333 0.034527777777777775
0 0.340578125 0.24326851851851852 0.03671354166666666 0.07085185185185185
0 0.24096875 0.15733333333333333 0.03155729166666667 0.05837962962962963