0 0.32691666666666663 0.061259259259259256 0.022088541666666666 0.023574074074074074
0 0.29248958333333336 0.013416666666666667 0.020161458333333333 0.022712962962962963
0 0.32083854166666664 0.031935185185185185 0.014364583333333332 0.02272222222222222
0 0.3206979166666667 0.010842592592592593 0.0158125 0.017564814814814814
0 0.34571874999999996 0.009814814814814814 0.018989583333333334 0.01962037037037037
0 0.24098958333333334 0.15001851851851852 0.0386875 0.07678703703703704
0 0.3371875 0.14307407407407408 0.03490104166666667 0.05362962962962963
0 0.2748385416666667 0.30591666666666667 0.05777604166666667 0.10462962962962963
0 0.48097395833333334 0.43583333333333335 0.0620625 0.15766666666666668
0 0.5114947916666667 0.6910277777777777 0.09011979166666667 0.24831481481481482
0 0.7261614583333333 0.8698518518518519 0.15140104166666665 0.26028703703703704
0 0.028338541666666665 0.9331296296296296 0.05668229166666667 0.13374074074074074