0 0.3205572916666667 0.018787037037037036 0.015541666666666667 0.02599074074074074
0 0.29199479166666664 0.05642592592592592 0.018479166666666665 0.028944444444444446
0 0.364015625 0.05514814814814815 0.018984375 0.030083333333333333
1 0.2890625 0.18381481481481482 0.03698958333333333 0.07942592592592593
0 0.328125 0.049129629629629634 0.018984375 0.030898148148148147
0 0.44433854166666664 0.24826851851851853 0.0403125 0.07769444444444444
0 0.2944322916666666 0.09456481481481481 0.021619791666666666 0.03635185185185185
0 0.34375 0.01014814814814815 0.013479166666666665 0.020074074074074074
0 0.3315416666666666 0.07568518518518517 0.01628125 0.02786111111111111
0 0.33715625 0.29145370370370366 0.040468750000000005 0.08262962962962962
0 0.2612291666666667 0.5980925925925926 0.09076041666666666 0.17687037037037037
0 0.341796875 0.1758888888888889 0.031140624999999998 0.058916666666666666
0 0.4064947916666667 0.15375 0.031203124999999998 0.05143518518518518
0 0.24072395833333332 0.1590740740740741 0.031677083333333335 0.0587037037037037