0 0.47534375 0.4023425925925926 0.052703124999999997 0.13075
0 0.5029322916666666 0.5941851851851853 0.07318229166666666 0.1970462962962963
0 0.240234375 0.14496296296296296 0.030916666666666665 0.05663888888888889
0 0.8549791666666666 0.5659722222222222 0.10968229166666667 0.17773148148148146
0 0.3315416666666666 0.08718518518518519 0.022078125 0.04031481481481482
0 0.2951666666666667 0.17838888888888887 0.03384375 0.05547222222222222
0 0.21374479166666666 0.4461851851851852 0.081359375 0.1467037037037037
0 0.17431770833333332 0.8576388888888888 0.15710416666666666 0.2808148148148148
0 0.2927239583333333 0.003907407407407407 0.0116875 0.007611111111111112
0 0.31959895833333335 0.026555555555555554 0.014276041666666666 0.019722222222222224
0 0.317859375 0.008351851851851852 0.017666666666666667 0.016694444444444446