0 0.31371875 0.0053055555555555555 0.012380208333333333 0.01062037037037037
0 0.3247083333333334 0.049694444444444444 0.018770833333333334 0.03100925925925926
0 0.48144791666666664 0.4398888888888889 0.055510416666666666 0.13682407407407407
0 0.3361822916666667 0.10014814814814814 0.023328124999999998 0.037925925925925925
0 0.32690625 0.40408333333333335 0.0559375 0.11968518518518517
0 0.3588854166666666 0.04335185185185185 0.016921875 0.029268518518518517
0 0.2932135416666667 0.10183333333333333 0.023026041666666667 0.03836111111111111
0 0.341796875 0.14496296296296296 0.022677083333333334 0.04139814814814815
1 0.2543958333333333 0.3426666666666667 0.06561458333333334 0.13433333333333333
0 0.24108854166666666 0.15961111111111112 0.031859375 0.05826851851851852
0 0.21179166666666666 0.8233518518518519 0.133421875 0.28732407407407407
0 0.29296875 0.16503703703703704 0.028442708333333334 0.04866666666666667
0 0.3908697916666667 0.1149074074074074 0.024473958333333334 0.03878703703703704
0 0.4533697916666667 0.26258333333333334 0.041776041666666666 0.08018518518518518