0 0.24096875 0.15928703703703703 0.031083333333333334 0.05547222222222222
0 0.405515625 0.14539814814814814 0.029203125 0.051027777777777776
0 0.322265625 0.03328703703703704 0.015302083333333332 0.028944444444444446
0 0.340578125 0.1539722222222222 0.028104166666666666 0.05222222222222222
0 0.34765625 0.019842592592592592 0.015250000000000001 0.023777777777777776
0 0.3151875 0.3925740740740741 0.05233854166666666 0.10682407407407409
0 0.3286145833333334 0.25846296296296295 0.038697916666666665 0.07498148148148148
0 0.2932135416666667 0.029157407407407406 0.014786458333333334 0.026379629629629628
0 0.33325 0.08946296296296297 0.022291666666666664 0.03938888888888889
1 0.292234375 0.11018518518518519 0.028973958333333334 0.05739814814814815
0 0.3168958333333334 0.005361111111111111 0.01296875 0.010722222222222222
0 0.2932135416666667 0.055768518518518516 0.018187500000000002 0.028833333333333332
0 0.3767083333333333 0.08913888888888888 0.023421874999999998 0.03684259259259259