0 0.4780260416666666 0.4403240740740741 0.05633333333333333 0.14312037037037037
0 0.5122083333333334 0.6944444444444444 0.08386458333333334 0.2391481481481481
0 0.24133333333333334 0.15158333333333335 0.03136979166666667 0.05739814814814815
0 0.3203125 0.03328703703703704 0.01634375 0.025685185185185182
0 0.3464375 0.010425925925925925 0.015130208333333334 0.020537037037037038
0 0.3374010416666666 0.1467037037037037 0.027802083333333335 0.051027777777777776
0 0.32519791666666664 0.057944444444444444 0.018984375 0.029055555555555553
1 0.29296875 0.014888888888888887 0.015130208333333334 0.023962962962962964
0 0.2680677083333334 0.33181481481481484 0.05499479166666667 0.09287962962962963
0 0.3208020833333334 0.008351851851851852 0.013635416666666667 0.016407407407407405
0 0.7158229166666668 0.8941018518518519 0.12463541666666668 0.2054074074074074