0 0.24072395833333332 0.1590740740740741 0.031140624999999998 0.05599074074074074
0 0.3166510416666667 0.005777777777777778 0.012822916666666666 0.011444444444444445
0 0.3771979166666667 0.09065740740740741 0.02372916666666667 0.03735185185185186
0 0.2932135416666667 0.02937962962962963 0.014734375 0.026194444444444444
0 0.40625 0.14702777777777776 0.029416666666666664 0.05260185185185185
0 0.3481458333333334 0.020388888888888887 0.015671875 0.023333333333333334
0 0.3403333333333334 0.15700925925925927 0.02880729166666667 0.051916666666666667
1 0.292234375 0.11187037037037037 0.029755208333333335 0.05837962962962963
0 0.2934583333333334 0.056527777777777774 0.017854166666666667 0.029055555555555553
0 0.328125 0.26410185185185187 0.039427083333333335 0.07373148148148148
0 0.3227552083333334 0.03526851851851852 0.014734375 0.026490740740740742
0 0.3217760416666666 0.021675925925925925 0.015078125 0.024712962962962964
0 0.3122552083333333 0.40082407407407405 0.054411458333333336 0.10959259259259259
0 0.3337395833333333 0.09098148148148148 0.02203125 0.038953703703703706