0 0.3432604166666666 0.004907407407407407 0.014177083333333333 0.009574074074074073
0 0.24059895833333333 0.1481111111111111 0.031140624999999998 0.0587037037037037
0 0.47778125 0.42448148148148146 0.055421874999999995 0.13780555555555557
0 0.509765625 0.6471388888888888 0.07989583333333333 0.21896296296296294
0 0.3186041666666667 0.0073518518518518525 0.013067708333333334 0.014101851851851852
0 0.33471875 0.11902777777777779 0.025083333333333332 0.04571296296296296
0 0.323 0.04225925925925926 0.016984375 0.027740740740740743
0 0.3188489583333334 0.022185185185185186 0.014786458333333334 0.022527777777777775
0 0.7690416666666666 0.7547777777777778 0.12463541666666668 0.25499074074074074
0 0.28418229166666664 0.25673148148148145 0.042479166666666665 0.07302777777777779
0 0.2932135416666667 0.010305555555555556 0.013276041666666665 0.014055555555555556
0 0.07928645833333332 0.7786481481481482 0.15856770833333333 0.2886296296296297