0 0.475828125 0.40473148148148147 0.053494791666666666 0.13150925925925927
0 0.24059895833333333 0.14539814814814814 0.031083333333333334 0.05739814814814815
0 0.2941875 0.1860925925925926 0.03521875 0.05728703703703703
0 0.5073229166666666 0.602 0.07598958333333333 0.1991111111111111
0 0.841796875 0.5833333333333334 0.11102083333333333 0.1860925925925926
0 0.33203125 0.09033333333333333 0.022979166666666665 0.040768518518518516
0 0.16222916666666667 0.8859074074074074 0.15283333333333332 0.22819444444444442
0 0.3178697916666666 0.01100925925925926 0.014005208333333333 0.01961111111111111
0 0.29296875 0.004166666666666667 0.013067708333333334 0.008166666666666668
0 0.2028802083333333 0.4761296296296297 0.085265625 0.15646296296296294
0 0.3198229166666666 0.026379629629629628 0.015838541666666667 0.025203703703703704