0 0.319580078125 0.027113172743055556 0.015251159667968752 0.023505316840277776
0 0.5107421875 0.6640625 0.08154296875 0.22395833333333334
0 0.4775390625 0.4305555555555556 0.05572509765625 0.13953993055555555
0 0.240966796875 0.1499565972222222 0.03131103515625 0.05815972222222222
0 0.319580078125 0.008355034722222222 0.0129241943359375 0.016289605034722224
0 0.32373046875 0.04831271701388889 0.0181884765625 0.030083550347222224
0 0.748046875 0.8211805555555556 0.12890625 0.2853732638888889
0 0.344482421875 0.007317437065972222 0.01422882080078125 0.014051649305555554
0 0.29296875 0.014553493923611112 0.01262664794921875 0.013264973958333332
0 0.28076171875 0.2810329861111111 0.046295166015625 0.07779947916666667
0 0.0563507080078125 0.8702256944444444 0.112701416015625 0.2588975694444444
0 0.33642578125 0.12890625 0.0256195068359375 0.04684787326388889