0 0.241455078125 0.15733506944444445 0.0309600830078125 0.058485243055555546
0 0.315185546875 0.007229275173611111 0.01085662841796875 0.01445855034722222
1 0.292724609375 0.051025390625 0.0215301513671875 0.046223958333333336
0 0.368896484375 0.06380208333333333 0.022247314453125 0.03271484375
0 0.3212890625 0.028618706597222224 0.015838623046875003 0.02587890625
0 0.336669921875 0.1576605902777778 0.02838134765625 0.0478515625
0 0.35205078125 0.032769097222222224 0.0171051025390625 0.02753363715277778
0 0.3193359375 0.3804253472222222 0.05145263671875 0.109375
0 0.48876953125 0.6037326388888888 0.0709228515625 0.2019314236111111
0 0.330322265625 0.06776258680555555 0.019561767578125 0.03135850694444445
0 0.330078125 0.11100260416666667 0.02508544921875 0.04001193576388889