0 0.24108854166666666 0.1590740740740741 0.03136979166666667 0.05599074074074074
0 0.293703125 0.05150925925925926 0.01684375 0.027740740740740743
0 0.3461927083333334 0.015851851851851853 0.014619791666666666 0.024064814814814813
0 0.3317864583333333 0.08121296296296296 0.021453125 0.03735185185185186
0 0.330078125 0.23567592592592593 0.036833333333333336 0.0658611111111111
1 0.29296875 0.1025925925925926 0.02763541666666667 0.05599074074074074
0 0.3227552083333334 0.35264814814814816 0.04821875 0.09456481481481481
0 0.32153125 0.03100925925925926 0.013953125 0.026490740740740742
0 0.373046875 0.08289814814814815 0.022890625 0.03572222222222222
0 0.315671875 0.004601851851851852 0.012052083333333333 0.009212962962962963
0 0.4008802083333334 0.13585185185185186 0.028213541666666668 0.04703703703703704
0 0.48828125 0.9600740740740742 0.09008854166666666 0.0770925925925926
0 0.32129166666666664 0.016990740740740744 0.015192708333333334 0.023148148148148147
0 0.33984375 0.1429074074074074 0.027177083333333334 0.0472037037037037
0 0.2932135416666667 0.026805555555555555 0.014505208333333333 0.02323148148148148