0 0.24072265625 0.1587456597222222 0.03125 0.05696614583333333
0 0.292724609375 0.033284505208333336 0.015716552734375003 0.02731662326388889
0 0.381103515625 0.09922960069444445 0.024139404296875 0.03917100694444445
0 0.35009765625 0.024332682291666668 0.015075683593750002 0.02490234375
0 0.317138671875 0.007236056857638889 0.01306915283203125 0.014282226562499998
0 0.33544921875 0.10167100694444445 0.0237274169921875 0.041314019097222224
0 0.341552734375 0.1733940972222222 0.02947998046875 0.055257161458333336
0 0.293701171875 0.06222873263888889 0.0180206298828125 0.02948676215277778
0 0.298828125 0.4631076388888889 0.0640869140625 0.12727864583333334
0 0.298828125 0.014607747395833334 0.016281127929687503 0.021592881944444444
0 0.322998046875 0.026190863715277776 0.016281127929687503 0.02587890625
0 0.412109375 0.1606987847222222 0.03161621093749999 0.05392795138888889
0 0.32568359375 0.2940538194444444 0.042724609375 0.0832248263888889
1 0.292236328125 0.12163628472222222 0.0305023193359375 0.06130642361111111
0 0.32421875 0.040934244791666664 0.015365600585937502 0.027004665798611115