0 0.4650885416666667 0.3287777777777778 0.047239583333333335 0.09885185185185186
0 0.3315416666666666 0.07075 0.02021875 0.034666666666666665
0 0.322265625 0.03136111111111111 0.016020833333333335 0.02815740740740741
0 0.24096875 0.1590740740740741 0.03149479166666667 0.05762037037037037
0 0.4282239583333334 0.20160185185185184 0.03567708333333333 0.059027777777777776
0 0.29394791666666664 0.12412962962962963 0.024520833333333332 0.04114814814814815
0 0.37621875 0.08105555555555556 0.02108854166666667 0.03303703703703704
0 0.35034375 0.02297222222222222 0.014671875000000001 0.02297222222222222
0 0.2927239583333333 0.07693518518518519 0.020067708333333333 0.03303703703703704
0 0.3125 0.440537037037037 0.06164583333333333 0.12543518518518518
1 0.28027604166666664 0.2447962962962963 0.0468125 0.09760185185185184
0 0.343015625 0.2558611111111111 0.03860416666666667 0.07470370370370372
0 0.336671875 0.10351851851851851 0.019197916666666665 0.03486111111111111