1 0.2932135416666667 0.08653703703703704 0.026197916666666664 0.052703703703703704
0 0.2934583333333334 0.04131481481481481 0.016098958333333333 0.02786111111111111
0 0.24108854166666666 0.15841666666666668 0.031614583333333335 0.05728703703703703
0 0.337890625 0.11816666666666667 0.025083333333333332 0.04172222222222222
0 0.332765625 0.18966666666666668 0.03359895833333334 0.054740740740740736
0 0.36596875 0.06749074074074074 0.020645833333333332 0.032601851851851854
0 0.3903802083333333 0.11018518518518519 0.025328125 0.043833333333333335
0 0.3286145833333334 0.06369444444444446 0.019197916666666665 0.0330925925925926
0 0.3420416666666667 0.009175925925925926 0.013223958333333334 0.01800925925925926
0 0.335203125 0.2777777777777778 0.03854166666666667 0.07426851851851851
0 0.31933854166666664 0.009574074074074073 0.0140625 0.01887037037037037
0 0.3200677083333333 0.021425925925925928 0.013276041666666665 0.025203703703703704
0 0.166015625 0.8932314814814816 0.14441145833333333 0.20757407407407408
0 0.2934583333333334 0.022185185185185186 0.013739583333333333 0.01961111111111111
0 0.4904791666666667 0.8736944444444444 0.10522395833333334 0.2510833333333333