1 0.179078125 0.5364629629629629 0.10650520833333334 0.213
0 0.24072395833333332 0.1590740740740741 0.031677083333333335 0.056962962962962965
0 0.3393541666666666 0.1423611111111111 0.028104166666666666 0.04502777777777778
0 0.412109375 0.16048148148148147 0.03085416666666667 0.04578703703703704
0 0.4946302083333334 0.6206574074074074 0.07275520833333333 0.21007407407407408
0 0.2866197916666666 0.22743518518518518 0.03533854166666666 0.06200925925925926
0 0.3166510416666667 0.012962962962962963 0.0140625 0.024333333333333335
0 0.3706041666666666 0.07031481481481482 0.02002083333333333 0.032962962962962965
0 0.4709479166666667 0.33485185185185184 0.046906250000000003 0.10069444444444445
0 0.3452135416666666 0.20649074074074072 0.028213541666666668 0.059842592592592586
0 0.2927239583333333 0.13682407407407407 0.027802083333333335 0.04535185185185185
0 0.3276354166666666 0.0738425925925926 0.021208333333333333 0.03486111111111111
0 0.23132291666666666 0.8085925925925925 0.12854166666666667 0.28450925925925924