0 0.47778125 0.4264351851851852 0.05572395833333333 0.1383425925925926
0 0.509765625 0.6523425925925925 0.08093229166666666 0.2192962962962963
0 0.3354479166666666 0.12207407407407407 0.024796875 0.04633333333333333
0 0.7641614583333334 0.769962962962963 0.12511979166666667 0.2628055555555555
0 0.3432604166666666 0.006333333333333333 0.013635416666666667 0.012129629629629629
0 0.31933854166666664 0.02489814814814815 0.015078125 0.024333333333333335
0 0.323484375 0.044842592592592594 0.01738020833333333 0.028046296296296295
0 0.24108854166666666 0.1496296296296296 0.03149479166666667 0.057185185185185186
0 0.0754375 0.8151018518518518 0.15027083333333333 0.3085925925925926
0 0.31909375 0.007916666666666667 0.012822916666666666 0.015064814814814814
0 0.293703125 0.012712962962962964 0.011916666666666666 0.01300925925925926
0 0.28515625 0.2610648148148148 0.04400520833333333 0.07128703703703704