0 0.321046875 0.022527777777777775 0.014786458333333334 0.02578703703703704
0 0.24096875 0.15875 0.03149479166666667 0.057185185185185186
1 0.2885729166666666 0.20019444444444445 0.03881770833333333 0.08262962962962962
0 0.32910416666666664 0.05452777777777778 0.018583333333333334 0.03136111111111111
0 0.3422864583333334 0.19639814814814816 0.033479166666666664 0.06261111111111112
0 0.3452135416666666 0.012712962962962964 0.013901041666666667 0.023407407407407408
0 0.41308854166666664 0.16655555555555554 0.032838541666666665 0.05536111111111111
0 0.2944322916666666 0.10183333333333333 0.022630208333333336 0.03857407407407407
0 0.332765625 0.32487037037037036 0.045197916666666664 0.09477777777777778
0 0.33301041666666664 0.08371296296296296 0.01777604166666667 0.02973148148148148
0 0.29175 0.061907407407407404 0.019682291666666667 0.03198148148148148
0 0.4509270833333333 0.2708333333333333 0.04263541666666667 0.0847962962962963
0 0.22472916666666667 0.7213518518518518 0.11163541666666667 0.22548148148148148
0 0.3671875 0.06342592592592593 0.020494791666666668 0.02984259259259259