0 0.3286145833333334 0.05121296296296297 0.018541666666666668 0.03100925925925926
0 0.4106458333333334 0.16102777777777777 0.031921875 0.05229629629629629
0 0.292234375 0.05962037037037037 0.019302083333333334 0.030759259259259257
0 0.24096875 0.15875 0.03155729166666667 0.05750925925925926
1 0.288328125 0.1912962962962963 0.03698958333333333 0.08045370370370371
0 0.3325208333333334 0.07959259259259259 0.017041666666666667 0.029055555555555553
0 0.3205572916666667 0.020453703703703703 0.014333333333333333 0.026287037037037036
0 0.344484375 0.011537037037037038 0.013791666666666667 0.022527777777777775
0 0.36621354166666664 0.05935185185185184 0.019166666666666665 0.02949074074074074
0 0.447265625 0.2608518518518519 0.04132291666666667 0.08198148148148149
0 0.341796875 0.18576851851851853 0.03204166666666667 0.05973148148148149
0 0.24523958333333334 0.6558148148148147 0.10052604166666666 0.19878703703703704
0 0.3354479166666666 0.30642592592592593 0.04477083333333333 0.08962962962962963
0 0.2946770833333333 0.09776851851851852 0.021864583333333333 0.03762037037037037