0 0.29320833333333335 0.01135185185185185 0.016395833333333335 0.022712962962962963
0 0.32402604166666665 0.048907407407407406 0.020932291666666665 0.02358333333333333
0 0.318234375 0.025249999999999998 0.018416666666666668 0.01551851851851852
0 0.31895833333333334 0.008527777777777778 0.019286458333333333 0.01601851851851852
0 0.3445625 0.006212962962962963 0.016677083333333335 0.012416666666666666
0 0.24113020833333335 0.14744444444444446 0.040713541666666665 0.07781481481481482
0 0.3374739583333334 0.12532407407407406 0.028536458333333334 0.045907407407407404
0 0.28496354166666665 0.26810185185185187 0.04677604166666667 0.09380555555555556
0 0.478515625 0.4263148148148148 0.06235416666666667 0.14788888888888888
0 0.515546875 0.6565555555555556 0.07738541666666668 0.22875
0 0.7598697916666667 0.79625 0.13374479166666667 0.289
0 0.07028645833333333 0.8382222222222222 0.14057291666666666 0.32355555555555554