0 0.241453125 0.1576574074074074 0.03125 0.05815740740740741
0 0.3161614583333333 0.008555555555555556 0.011244791666666667 0.016666666666666666
0 0.3217760416666666 0.03227777777777778 0.016463541666666668 0.027537037037037037
0 0.353515625 0.0374074074074074 0.017041666666666667 0.026805555555555555
0 0.3374010416666666 0.16894444444444445 0.028760416666666667 0.04961111111111111
0 0.48828125 0.631074074074074 0.07251041666666666 0.2111574074074074
0 0.311765625 0.4166666666666667 0.056640625 0.11750925925925926
0 0.331296875 0.07085185185185185 0.020291666666666666 0.03531481481481481
0 0.3298333333333333 0.11750925925925926 0.025510416666666664 0.041074074074074075
0 0.3715833333333334 0.06889814814814814 0.021364583333333336 0.03265740740740741
1 0.2927239583333333 0.05620370370370371 0.022322916666666668 0.04511111111111111