0 0.24108854166666666 0.15875 0.031614583333333335 0.057074074074074076
1 0.2605 0.3222685185185185 0.06347916666666667 0.12564814814814815
0 0.2932135416666667 0.15733333333333333 0.027848958333333333 0.046064814814814815
0 0.31371875 0.004296296296296296 0.012239583333333333 0.008583333333333333
0 0.3244635416666667 0.046685185185185184 0.018187500000000002 0.02949074074074074
0 0.33496354166666664 0.09439814814814815 0.021989583333333333 0.03713888888888889
0 0.3884270833333333 0.10818518518518519 0.025041666666666667 0.03784259259259259
0 0.29296875 0.09689814814814815 0.023026041666666667 0.03697222222222222
0 0.3566875 0.039546296296296295 0.016661458333333334 0.02700925925925926
0 0.4494635416666667 0.2510833333333333 0.041229166666666664 0.07470370370370372
0 0.24182291666666667 0.7191851851851853 0.11340104166666666 0.23589814814814816
0 0.3334947916666666 0.36892592592592593 0.05071875 0.10818518518518519
0 0.47925 0.4173148148148148 0.054109375 0.12890740740740741
0 0.3410625 0.1366111111111111 0.022291666666666664 0.04101851851851852