0 0.24182291666666667 0.1548425925925926 0.031083333333333334 0.05913888888888889
0 0.3464375 0.01814814814814815 0.014953125000000001 0.02387037037037037
0 0.3342291666666667 0.2717037037037037 0.03891145833333333 0.07769444444444444
0 0.36035416666666664 0.04155555555555556 0.019302083333333334 0.029055555555555553
0 0.326171875 0.07899074074074074 0.02128645833333333 0.03512962962962963
0 0.5307604166666666 0.9027777777777778 0.10376041666666666 0.19400925925925927
0 0.32690625 0.044675925925925924 0.01836979166666667 0.02937962962962963
0 0.33301041666666664 0.11577777777777779 0.023697916666666666 0.04101851851851852
1 0.29296875 0.03849074074074074 0.02025 0.0354537037037037
0 0.4838854166666666 0.525611111111111 0.06359895833333333 0.17285185185185187
0 0.31909375 0.013064814814814814 0.014557291666666666 0.02200925925925926
0 0.05566666666666666 0.9105925925925926 0.111328125 0.17437037037037037