0 0.360109375 0.041074074074074075 0.0195 0.028370370370370372
0 0.4877916666666666 0.523 0.06256250000000001 0.17100925925925925
0 0.3461927083333334 0.017657407407407406 0.015078125 0.02350925925925926
0 0.3186041666666667 0.012555555555555556 0.014177083333333333 0.023055555555555555
0 0.3344739583333334 0.26540740740740737 0.038390625 0.07470370370370372
0 0.24182291666666667 0.1548425925925926 0.031083333333333334 0.05913888888888889
0 0.5288072916666666 0.8967037037037038 0.10558854166666666 0.20507407407407408
0 0.326171875 0.04416666666666667 0.018770833333333334 0.029268518518518517
0 0.061765625000000005 0.894962962962963 0.12353645833333333 0.20649074074074072
0 0.332765625 0.11285185185185184 0.023817708333333333 0.041074074074074075
0 0.326171875 0.07812962962962963 0.021333333333333333 0.03512962962962963
1 0.29296875 0.03813888888888889 0.02002083333333333 0.03355555555555556