0 0.34082291666666664 0.17317592592592593 0.030916666666666665 0.05260185185185185
0 0.479734375 0.3795555555555556 0.05090104166666667 0.1135
0 0.24059895833333333 0.15841666666666668 0.03136979166666667 0.05815740740740741
0 0.318359375 0.02135185185185185 0.015250000000000001 0.025879629629629627
0 0.3786614583333333 0.08832407407407407 0.022291666666666664 0.03425925925925926
1 0.08868229166666668 0.7447962962962963 0.16589583333333333 0.3101111111111111
0 0.29199479166666664 0.1618888888888889 0.03149479166666667 0.05170370370370371
0 0.425046875 0.18966666666666668 0.034088541666666666 0.05251851851851852
0 0.3005364583333333 0.00775925925925926 0.004541666666666667 0.012083333333333335
0 0.3452135416666666 0.2558611111111111 0.030625 0.0700925925925926
0 0.4904791666666667 0.786888888888889 0.09136979166666667 0.30121296296296296
0 0.3298333333333333 0.09098148148148148 0.022109375 0.0374074074074074
0 0.2770989583333333 0.2771296296296296 0.041078125 0.07221296296296296
0 0.307859375 0.01362962962962963 0.013375 0.026194444444444444
0 0.3276354166666666 0.006638888888888889 0.004625000000000001 0.010074074074074076