0 0.3767083333333333 0.07899074074074074 0.022765625 0.03526851851851852
0 0.293703125 0.02700925925925926 0.014671875000000001 0.026287037037037036
0 0.33301041666666664 0.08306481481481481 0.02128645833333333 0.03749074074074074
0 0.35644791666666664 0.04527777777777778 0.01864583333333333 0.02949074074074074
0 0.331296875 0.13628703703703704 0.0274375 0.04578703703703704
0 0.33691666666666664 0.0028148148148148147 0.011197916666666667 0.005296296296296296
0 0.3383802083333334 0.19433333333333333 0.03210416666666667 0.05663888888888889
0 0.24108854166666666 0.15875 0.03125 0.057074074074074076
0 0.491453125 0.6944444444444444 0.07861458333333333 0.2437037037037037
0 0.2907708333333333 0.506074074074074 0.07006770833333334 0.14442592592592593
0 0.3168958333333334 0.010509259259259258 0.012239583333333333 0.02086111111111111
0 0.323484375 0.040768518518518516 0.018125 0.02937962962962963
1 0.2932135416666667 0.06462037037037037 0.023911458333333333 0.046685185185185184