0 0.33203125 0.07286111111111111 0.020067708333333333 0.03499074074074074
0 0.24096875 0.15961111111111112 0.031984374999999995 0.05805555555555556
1 0.27832291666666664 0.25325925925925924 0.04840104166666667 0.10183333333333333
0 0.322265625 0.03241666666666666 0.016020833333333335 0.02862037037037037
0 0.3771979166666667 0.08414814814814814 0.022078125 0.03323148148148148
0 0.350828125 0.02360185185185185 0.015078125 0.02462037037037037
0 0.4301770833333334 0.20583333333333334 0.036161458333333334 0.06261111111111112
0 0.3081041666666666 0.4600740740740741 0.06548958333333334 0.13173148148148148
0 0.2927239583333333 0.07855555555555556 0.020067708333333333 0.03347222222222222
0 0.46777604166666664 0.3389722222222222 0.04922395833333334 0.10128703703703704
0 0.33691666666666664 0.10562962962962963 0.019609375 0.035944444444444446
0 0.29394791666666664 0.1268425925925926 0.024276041666666668 0.041638888888888885
0 0.343015625 0.26475925925925925 0.03881770833333333 0.07959259259259259