1 0.2739270833333334 0.2753888888888889 0.051666666666666666 0.10921296296296297
0 0.24072395833333332 0.1590740740740741 0.0313125 0.05728703703703703
0 0.35278125 0.029055555555555553 0.01628125 0.024425925925925924
0 0.32324479166666664 0.03827777777777778 0.01621875 0.02815740740740741
0 0.293703125 0.13704629629629628 0.025619791666666666 0.04335185185185185
0 0.3383802083333334 0.11664814814814815 0.020723958333333334 0.03754629629629629
0 0.332765625 0.08035185185185185 0.020765625 0.034722222222222224
0 0.3811041666666667 0.0923425925925926 0.022416666666666665 0.033879629629629635
0 0.4377447916666667 0.22265740740740741 0.039125 0.0658611111111111
0 0.4743645833333333 0.3652314814814815 0.049958333333333334 0.1172962962962963
0 0.2907708333333333 0.537324074074074 0.07861458333333333 0.1567962962962963
0 0.3122552083333333 0.0024074074074074076 0.010453125 0.004814814814814815
0 0.2924791666666666 0.08587962962962963 0.021817708333333335 0.0354537037037037
0 0.34082291666666664 0.2981759259259259 0.0416875 0.08637037037037038