0 0.3151875 0.008685185185185186 0.012723958333333334 0.017268518518518516
0 0.24096875 0.15875 0.03125 0.05728703703703703
0 0.4885260416666667 0.5134537037037037 0.06268229166666667 0.16710185185185186
0 0.29296875 0.11664814814814815 0.025130208333333334 0.04085185185185185
0 0.3376458333333333 0.11860185185185186 0.025270833333333336 0.04114814814814815
0 0.36426041666666664 0.05514814814814815 0.018234375 0.030194444444444444
0 0.2912604166666667 0.1909722222222222 0.032468750000000005 0.05452777777777778
0 0.46386979166666664 0.2955740740740741 0.044098958333333334 0.08701851851851852
0 0.3439947916666667 0.16949074074074075 0.024427083333333332 0.04961111111111111
1 0.227296875 0.4166666666666667 0.08282291666666668 0.16048148148148147
0 0.3005364583333333 0.542537037037037 0.07848958333333332 0.16482407407407407
0 0.400390625 0.1350925925925926 0.027802083333333335 0.04101851851851852
0 0.3264166666666667 0.06141666666666667 0.01953125 0.03217592592592593