0 0.24059895833333333 0.1582037037037037 0.03143229166666667 0.057833333333333334
0 0.31933854166666664 0.01199074074074074 0.014557291666666666 0.02323148148148148
0 0.326171875 0.04031481481481482 0.018098958333333335 0.03040740740740741
0 0.357421875 0.04139814814814815 0.01738020833333333 0.027425925925925927
0 0.3393541666666666 0.1402962962962963 0.027265625 0.04839814814814815
0 0.3395989583333333 0.005592592592592593 0.012192708333333333 0.011092592592592593
0 0.2944322916666666 0.07812962962962963 0.02025 0.035398148148148144
0 0.3942864583333333 0.12814814814814815 0.027802083333333335 0.04350925925925926
0 0.2924791666666666 0.04527777777777778 0.017640625 0.029055555555555553
0 0.3278802083333333 0.0587037037037037 0.015192708333333334 0.027203703703703702
0 0.4299322916666667 0.20649074074074072 0.03607291666666667 0.06559259259259259
0 0.21081770833333333 0.7664907407407406 0.11938541666666666 0.2408888888888889
0 0.30371354166666664 0.4236111111111111 0.059541666666666666 0.11989814814814816
1 0.2915052083333334 0.15180555555555555 0.034546875 0.0720462962962963
0 0.34082291666666664 0.2311203703703704 0.03423958333333333 0.06927777777777777