0 0.24096875 0.15875 0.03143229166666667 0.057185185185185186
0 0.34253125 0.009722222222222222 0.013427083333333334 0.019083333333333334
0 0.3669427083333333 0.06944444444444445 0.021239583333333333 0.03337037037037037
0 0.3920885416666666 0.11327777777777778 0.025270833333333336 0.0472037037037037
0 0.328859375 0.06673148148148147 0.02021875 0.0342037037037037
0 0.2932135416666667 0.02360185185185185 0.014390624999999999 0.01999074074074074
0 0.3317864583333333 0.19780555555555554 0.032776041666666665 0.05750925925925926
0 0.3203125 0.02135185185185185 0.013375 0.027111111111111114
0 0.2934583333333334 0.043 0.016661458333333334 0.028046296296296295
0 0.337890625 0.12141666666666666 0.025557291666666666 0.044000000000000004
0 0.33301041666666664 0.2871111111111111 0.040526041666666665 0.07693518518518519
0 0.15636979166666667 0.9261574074074074 0.13232291666666668 0.14767592592592593
0 0.4904791666666667 0.8858518518518519 0.10522395833333334 0.22764814814814816
1 0.29296875 0.08930555555555555 0.025802083333333333 0.05289814814814815
0 0.3168958333333334 0.004148148148148148 0.012010416666666666 0.008296296296296296