0 0.24072395833333332 0.15875 0.03143229166666667 0.056962962962962965
0 0.340578125 0.16243518518518518 0.029036458333333334 0.05371296296296296
0 0.2932135416666667 0.031490740740740736 0.014786458333333334 0.025092592592592593
0 0.3344739583333334 0.09549074074074074 0.022463541666666666 0.03719444444444445
0 0.3100572916666666 0.4201388888888889 0.05676041666666667 0.11577777777777779
0 0.3786614583333333 0.09353703703703703 0.02372916666666667 0.03784259259259259
0 0.4086927083333334 0.15212962962962964 0.02958854166666667 0.052703703703703704
0 0.2934583333333334 0.059027777777777776 0.017854166666666667 0.02862037037037037
0 0.32324479166666664 0.037703703703703705 0.01428125 0.026583333333333334
1 0.29175 0.11425925925925927 0.02958854166666667 0.05913888888888889
0 0.3168958333333334 0.006027777777777778 0.013125 0.011944444444444445
0 0.348875 0.02226851851851852 0.014953125000000001 0.022527777777777775
0 0.3286145833333334 0.27343518518518517 0.04068229166666667 0.0759537037037037
0 0.322265625 0.02360185185185185 0.015015625 0.024425925925925924