0 0.31347916666666664 0.00387037037037037 0.011734375 0.00774074074074074
0 0.32421875 0.04519444444444445 0.018265625 0.02937962962962963
0 0.4782708333333333 0.4068981481481481 0.05389583333333334 0.1268425925925926
0 0.29296875 0.15321296296296297 0.027010416666666665 0.04578703703703704
0 0.3344739583333334 0.09201851851851851 0.021817708333333335 0.03684259259259259
0 0.24096875 0.15875 0.03149479166666667 0.05728703703703703
0 0.3869635416666667 0.10487037037037038 0.024 0.03784259259259259
0 0.29296875 0.09494444444444446 0.022932291666666667 0.03607407407407408
0 0.4467760416666666 0.2447962962962963 0.04016145833333333 0.07248148148148148
0 0.356203125 0.03735185185185186 0.01628125 0.027111111111111114
1 0.263671875 0.31098148148148147 0.05834895833333333 0.12250000000000001
0 0.2543958333333333 0.6740462962962963 0.10467708333333332 0.21375925925925926
0 0.3361822916666667 0.35437962962962966 0.049958333333333334 0.10487037037037038
0 0.3403333333333334 0.13194444444444445 0.021531250000000002 0.038657407407407404