0 0.2413330078125 0.1584201388888889 0.0310821533203125 0.05805121527777777
0 0.2939453125 0.03173828125 0.014953613281250002 0.02587890625
0 0.358642578125 0.05056423611111111 0.019195556640625 0.031005859375
0 0.338623046875 0.2111545138888889 0.03277587890624999 0.05995008680555555
0 0.331787109375 0.146484375 0.0282745361328125 0.047200520833333336
0 0.324462890625 0.04587131076388889 0.0182952880859375 0.029622395833333336
0 0.379638671875 0.0862087673611111 0.0230712890625 0.03748914930555555
1 0.293212890625 0.0700954861111111 0.024383544921875 0.04747178819444445
0 0.271728515625 0.5776909722222222 0.08209228515625 0.1706814236111111
0 0.334228515625 0.0908203125 0.0224151611328125 0.03819444444444445
0 0.49365234375 0.7465277777777778 0.08331298828125 0.2751736111111111
0 0.317626953125 0.012037489149305556 0.01267242431640625 0.023505316840277776
0 0.338134765625 0.004130045572916667 0.01229095458984375 0.008036295572916666