0 0.24169791666666668 0.15625 0.031140624999999998 0.05762037037037037
0 0.3264166666666667 0.08463888888888889 0.021578125 0.03635185185185185
0 0.3620625 0.04633333333333333 0.019760416666666666 0.028731481481481483
0 0.3337395833333333 0.12380555555555556 0.024187499999999997 0.041962962962962966
0 0.3188489583333334 0.016027777777777776 0.014447916666666666 0.021935185185185186
0 0.32715104166666664 0.05007407407407407 0.01815625 0.029055555555555553
0 0.4885260416666667 0.5386296296296297 0.06451562500000001 0.17501851851851852
0 0.3325208333333334 0.28732407407407407 0.03948958333333333 0.08094444444444444
0 0.3471666666666666 0.02077777777777778 0.015250000000000001 0.023055555555555555
0 0.529296875 0.9216851851851852 0.10107291666666667 0.15662962962962962
1 0.292234375 0.04006481481481482 0.019864583333333335 0.036620370370370366
0 0.031828125 0.9704907407407408 0.06366145833333334 0.05289814814814815