0 0.315671875 0.01062962962962963 0.0136875 0.02062037037037037
0 0.3266614583333334 0.06673148148148147 0.019911458333333333 0.033990740740740745
0 0.338625 0.13010185185185183 0.026505208333333332 0.043833333333333335
0 0.24059895833333333 0.1590740740740741 0.031020833333333334 0.056861111111111105
1 0.2072760416666667 0.46744444444444444 0.09271354166666666 0.1818611111111111
0 0.2932135416666667 0.12608333333333333 0.025911458333333335 0.04359259259259259
0 0.4924322916666667 0.5629351851851853 0.06756770833333332 0.1860925925925926
0 0.4060052083333333 0.14778703703703705 0.028333333333333332 0.04492592592592593
0 0.2893072916666667 0.20941666666666667 0.03308333333333333 0.057185185185185186
0 0.2734375 0.6527777777777778 0.09875520833333334 0.20789814814814814
0 0.3452135416666666 0.18674074074074073 0.026411458333333335 0.05462962962962963
0 0.4670416666666667 0.315537037037037 0.04595833333333333 0.09353703703703703
0 0.3671875 0.061796296296296294 0.01953125 0.03160185185185185