0 0.24169791666666668 0.15646296296296294 0.031020833333333334 0.05848148148148148
0 0.3491197916666666 0.026490740740740742 0.015250000000000001 0.02451851851851852
0 0.3649895833333333 0.05330555555555556 0.02069270833333333 0.029944444444444447
0 0.3286145833333334 0.05762037037037037 0.019348958333333333 0.031842592592592596
0 0.3200677083333333 0.02185185185185185 0.014557291666666666 0.02226851851851852
0 0.3278802083333333 0.09510185185185184 0.023072916666666665 0.03805555555555556
0 0.3286145833333334 0.3218333333333333 0.044187500000000005 0.08978703703703704
0 0.3354479166666666 0.1366111111111111 0.026411458333333335 0.04502777777777778
0 0.490234375 0.5659722222222222 0.06671354166666667 0.18381481481481482
0 0.5341822916666668 0.9609351851851852 0.09741145833333334 0.0738425925925926
0 0.3146979166666667 0.005037037037037038 0.009932291666666667 0.00999074074074074
1 0.2924791666666666 0.04061111111111111 0.020963541666666665 0.05026851851851852
0 0.2885729166666666 0.014675925925925926 0.011734375 0.017268518518518516