0 0.37621875 0.07796296296296297 0.022677083333333334 0.03499074074074074
0 0.356203125 0.04424074074074074 0.018541666666666668 0.029157407407407406
0 0.241453125 0.1567962962962963 0.031203124999999998 0.05750925925925926
0 0.3383802083333334 0.18966666666666668 0.030729166666666665 0.05525925925925926
0 0.332765625 0.08213888888888889 0.021697916666666664 0.03735185185185186
0 0.293703125 0.026694444444444444 0.014333333333333333 0.025
0 0.32324479166666664 0.03836111111111111 0.017640625 0.030083333333333333
0 0.2944322916666666 0.4926203703703703 0.0678125 0.1408425925925926
0 0.3168958333333334 0.010305555555555556 0.011916666666666666 0.020537037037037038
0 0.49121354166666664 0.6875 0.07934375 0.23827777777777776
0 0.331296875 0.13389814814814816 0.026916666666666665 0.04443518518518519
0 0.3361822916666667 0.0029814814814814817 0.010817708333333334 0.00550925925925926
1 0.2932135416666667 0.06282407407407407 0.023958333333333335 0.04774074074074074