1 0.29234374999999996 0.02808333333333333 0.025078125 0.04278703703703704
0 0.3324166666666667 0.09109259259259259 0.031927083333333335 0.04413888888888889
0 0.3224322916666667 0.058694444444444445 0.022755208333333332 0.02684259259259259
0 0.323734375 0.03142592592592593 0.016682291666666668 0.021694444444444443
0 0.31635416666666666 0.007749999999999999 0.014078125 0.015499999999999998
0 0.3413802083333334 0.009296296296296296 0.01378125 0.014481481481481482
0 0.3552708333333333 0.026527777777777775 0.0209375 0.03438888888888889
0 0.24055208333333333 0.1543888888888889 0.036083333333333335 0.07010185185185185
0 0.3381979166666667 0.19889814814814816 0.03171875 0.07577777777777778
0 0.4828541666666667 0.47622222222222227 0.06061458333333333 0.16746296296296298
0 0.5259583333333333 0.8343611111111111 0.10516145833333333 0.3312777777777777
0 0.19440104166666666 0.5497962962962962 0.11218750000000001 0.1911574074074074