1 0.2885729166666666 0.19433333333333333 0.0378125 0.08181481481481481
0 0.3286145833333334 0.05162037037037037 0.018187500000000002 0.03136111111111111
0 0.24072395833333332 0.15875 0.03149479166666667 0.05750925925925926
0 0.34472916666666664 0.011620370370370371 0.013739583333333333 0.0227037037037037
0 0.29199479166666664 0.059953703703703703 0.019421874999999998 0.03227777777777778
0 0.3205572916666667 0.021185185185185185 0.014505208333333333 0.02578703703703704
0 0.3420416666666667 0.18966666666666668 0.033140625 0.06060185185185185
0 0.2944322916666666 0.09999074074074074 0.021817708333333335 0.0362962962962963
0 0.33471875 0.31271296296296297 0.04452604166666666 0.09130555555555556
0 0.4489739583333333 0.2638888888888889 0.042083333333333334 0.08338888888888889
0 0.23828125 0.676212962962963 0.104859375 0.20757407407407408
0 0.3325208333333334 0.0798611111111111 0.016984375 0.030296296296296297
0 0.4116197916666666 0.16275925925925927 0.03308333333333333 0.05382407407407408
0 0.366453125 0.060870370370370366 0.019911458333333333 0.02973148148148148