0 0.33105729166666664 0.10069444444444445 0.023192708333333333 0.04085185185185185
0 0.3410625 0.19303703703703703 0.032776041666666665 0.05599074074074074
0 0.3833020833333334 0.09868518518518518 0.022630208333333336 0.03697222222222222
0 0.3432604166666666 0.2892777777777778 0.03216666666666666 0.07536111111111111
0 0.27075 0.30686111111111114 0.047151041666666664 0.07823148148148147
0 0.4318854166666667 0.20616666666666666 0.03548958333333333 0.055768518518518516
0 0.4841302083333333 0.40950925925925924 0.05176041666666666 0.12272222222222222
0 0.4921875 0.8654537037037038 0.106140625 0.25889814814814816
0 0.29296875 0.17773148148148146 0.033140625 0.056101851851851854
1 0.05902083333333333 0.8567685185185184 0.11804166666666666 0.2858055555555556
0 0.31933854166666664 0.02599074074074074 0.01628125 0.026583333333333334
0 0.2404791666666667 0.15928703703703703 0.031984374999999995 0.0587037037037037
0 0.2939322916666667 0.009555555555555555 0.012635416666666668 0.018083333333333333