0 0.36840625 0.06261111111111112 0.021578125 0.03247222222222222
0 0.3515625 0.03198148148148148 0.01621875 0.02700925925925926
0 0.336671875 0.15516666666666667 0.027479166666666666 0.04747222222222223
0 0.48828125 0.5989629629629629 0.07080208333333333 0.19812962962962963
0 0.3208020833333334 0.028370370370370372 0.016098958333333333 0.02599074074074074
0 0.330078125 0.0661388888888889 0.019911458333333333 0.032601851851851854
0 0.3151875 0.0071574074074074075 0.01103125 0.014314814814814815
0 0.241453125 0.15733333333333333 0.031020833333333334 0.05848148148148148
0 0.328859375 0.1086111111111111 0.024276041666666668 0.039629629629629626
1 0.2927239583333333 0.05015740740740741 0.02140625 0.04649074074074074
0 0.31909375 0.3739166666666667 0.050812500000000003 0.10623148148148148