0 0.24072395833333332 0.15961111111111112 0.03210416666666667 0.05826851851851852
0 0.3317864583333333 0.07194444444444445 0.019942708333333333 0.034583333333333334
0 0.322265625 0.031842592592592596 0.016098958333333333 0.02862037037037037
0 0.3764635416666666 0.08246296296296296 0.021364583333333336 0.03355555555555556
0 0.35058854166666664 0.023333333333333334 0.014734375 0.023694444444444445
0 0.29394791666666664 0.12521296296296294 0.024338541666666665 0.04147222222222222
0 0.46582291666666664 0.3337685185185185 0.04779166666666667 0.10183333333333333
0 0.33691666666666664 0.10411111111111111 0.0195 0.0361574074074074
0 0.30957291666666664 0.45051851851851854 0.06292708333333333 0.12890740740740741
1 0.279296875 0.24783333333333335 0.047609374999999995 0.09830555555555556
0 0.2927239583333333 0.07796296296296297 0.02002083333333333 0.03314814814814815
0 0.343015625 0.25889814814814816 0.039125 0.0765
0 0.4294427083333333 0.2033425925925926 0.03601041666666667 0.06130555555555555