0 0.323486328125 0.029947916666666668 0.0167236328125 0.029947916666666668
0 0.2410888671875 0.15321180555555555 0.0306243896484375 0.05891927083333333
1 0.2919921875 0.027533637152777776 0.0185089111328125 0.032172309027777776
0 0.48388671875 0.4826388888888889 0.060211181640625 0.15625
0 0.354248046875 0.027533637152777776 0.017181396484375 0.026380750868055556
0 0.34228515625 0.00927734375 0.014007568359375 0.017591688368055556
0 0.337890625 0.2126736111111111 0.03338623046875 0.06260850694444445
0 0.330322265625 0.0908203125 0.0217437744140625 0.036431206597222224
0 0.52197265625 0.8420138888888888 0.10125732421875 0.3070746527777778
0 0.323974609375 0.059136284722222224 0.0191192626953125 0.03173828125
0 0.1708984375 0.6067708333333334 0.11260986328125 0.1909722222222222
0 0.317138671875 0.006096733940972222 0.012481689453125 0.011759440104166664