0 0.5092760416666666 0.6410555555555556 0.07934375 0.213
0 0.2404791666666667 0.14778703703703705 0.03149479166666667 0.05837962962962963
0 0.7797864583333334 0.7256944444444444 0.12188541666666668 0.2419722222222222
0 0.4790052083333334 0.42144444444444445 0.054901041666666664 0.13704629629629628
0 0.3344739583333334 0.1149074074074074 0.024140625000000002 0.044675925925925924
0 0.2866197916666666 0.2447962962962963 0.042083333333333334 0.06944444444444445
0 0.3181145833333333 0.007407407407407408 0.012526041666666666 0.014101851851851852
0 0.322265625 0.039546296296296295 0.016401041666666664 0.028046296296296295
0 0.10376041666666666 0.7148425925925925 0.14245833333333333 0.25542592592592595
0 0.34253125 0.0044444444444444444 0.014229166666666666 0.00875925925925926
0 0.2932135416666667 0.010074074074074076 0.013427083333333334 0.013518518518518518
0 0.3188489583333334 0.02175925925925926 0.014734375 0.02185185185185185