0 0.2939453125 0.0322265625 0.015251159667968752 0.02753363715277778
0 0.380615234375 0.0896267361111111 0.02288818359375 0.037272135416666664
0 0.325439453125 0.048014322916666664 0.0193023681640625 0.030300564236111112
0 0.317626953125 0.013210720486111112 0.01302337646484375 0.025783962673611112
0 0.33837890625 0.2192925347222222 0.033905029296875 0.0627170138888889
1 0.293212890625 0.07259114583333333 0.0244293212890625 0.04820421006944445
0 0.2626953125 0.61328125 0.08978271484375 0.18033854166666666
0 0.33251953125 0.15321180555555555 0.0284423828125 0.04893663194444445
0 0.337890625 0.004696316189236111 0.01238250732421875 0.009175618489583334
0 0.334716796875 0.09456380208333333 0.02215576171875 0.038655598958333336
0 0.496337890625 0.7677951388888888 0.085693359375 0.2881944444444444
0 0.359619140625 0.05251736111111111 0.0191650390625 0.030300564236111112
0 0.240966796875 0.15928819444444445 0.03143310546875 0.058485243055555546