0 0.3205572916666667 0.020074074074074074 0.014671875000000001 0.02599074074074074
0 0.3286145833333334 0.05075 0.018770833333333334 0.030194444444444444
0 0.3322760416666667 0.07855555555555556 0.016661458333333334 0.028370370370370372
0 0.3439947916666667 0.010833333333333332 0.013588541666666667 0.021268518518518516
0 0.2946770833333333 0.09619444444444444 0.021364583333333336 0.03713888888888889
0 0.365234375 0.057944444444444444 0.019010416666666665 0.029157407407407406
0 0.341796875 0.18381481481481482 0.03210416666666667 0.05848148148148148
0 0.24096875 0.15841666666666668 0.03149479166666667 0.05772222222222222
1 0.2893072916666667 0.18869444444444444 0.037598958333333335 0.08018518518518518
0 0.292234375 0.05815740740740741 0.019380208333333333 0.030898148148148147
0 0.249390625 0.636287037037037 0.097046875 0.1909722222222222
0 0.40918229166666664 0.15875 0.03149479166666667 0.05112962962962963
0 0.3344739583333334 0.30187037037037034 0.043854166666666666 0.08701851851851852
0 0.4487291666666666 0.25673148148148145 0.040526041666666665 0.08154629629629628