0 0.24108854166666666 0.15875 0.03155729166666667 0.056962962962962965
0 0.366453125 0.06798148148148149 0.02128645833333333 0.03355555555555556
0 0.3911145833333334 0.11241666666666666 0.024614583333333332 0.04443518518518519
0 0.34253125 0.00935185185185185 0.013223958333333334 0.018083333333333333
0 0.3198229166666666 0.010268518518518519 0.013848958333333333 0.020074074074074074
0 0.3325208333333334 0.19499074074074074 0.03295833333333333 0.05881481481481482
0 0.2932135416666667 0.02323148148148148 0.013901041666666667 0.01923148148148148
0 0.293703125 0.04259259259259259 0.01628125 0.027314814814814816
0 0.3283697916666667 0.06462037037037037 0.019682291666666667 0.0342037037037037
0 0.337890625 0.11968518518518517 0.025177083333333336 0.04367592592592593
0 0.3334947916666666 0.2818981481481481 0.04061979166666666 0.07693518518518519
1 0.2932135416666667 0.08750925925925926 0.0260625 0.05341666666666667
0 0.4907239583333334 0.8797777777777778 0.09790104166666666 0.23827777777777776
0 0.3200677083333333 0.024712962962962964 0.012572916666666666 0.021185185185185185
0 0.15930208333333334 0.9102962962962963 0.14343229166666666 0.17941666666666667