0 0.32153125 0.027944444444444445 0.015671875 0.027203703703703702
0 0.348390625 0.01990740740740741 0.014953125000000001 0.024333333333333335
0 0.460203125 0.30750925925925926 0.04525520833333333 0.09287962962962963
0 0.3308125 0.06510185185185186 0.02025 0.03247222222222222
0 0.3732916666666667 0.0748148148148148 0.021041666666666667 0.03217592592592593
0 0.42480729166666664 0.19 0.03555208333333334 0.059842592592592586
0 0.3225104166666667 0.3925740740740741 0.05624479166666666 0.1149074074074074
1 0.2834479166666667 0.22743518518518518 0.042479166666666665 0.09217592592592593
0 0.2944322916666666 0.11555555555555555 0.023651041666666664 0.03909259259259259
0 0.2924791666666666 0.07156481481481482 0.020291666666666666 0.031490740740740736
0 0.24108854166666666 0.1590740740740741 0.031677083333333335 0.056861111111111105
0 0.3432604166666666 0.2317685185185185 0.035890624999999995 0.07047222222222223
0 0.15234375 0.9157962962962962 0.14343229166666666 0.16829629629629628
0 0.3356927083333333 0.09424074074074074 0.019088541666666667 0.035805555555555556