0 0.5141614583333334 0.7165833333333333 0.08496354166666667 0.25715740740740745
0 0.34765625 0.012462962962962964 0.015302083333333332 0.02350925925925926
0 0.4790052083333334 0.4483518518518519 0.05645833333333334 0.1429074074074074
0 0.3208020833333334 0.03784259259259259 0.016661458333333334 0.027740740740740743
1 0.2927239583333333 0.017324074074074075 0.015302083333333332 0.026490740740740742
0 0.24133333333333334 0.15234259259259259 0.0313125 0.05762037037037037
0 0.321046875 0.01573148148148148 0.015427083333333334 0.026583333333333334
0 0.7055677083333334 0.9348981481481482 0.11126562499999999 0.1284722222222222
0 0.2575677083333333 0.36718518518518517 0.0611875 0.10275925925925926
0 0.3381354166666667 0.1576574074074074 0.028166666666666666 0.051027777777777776
0 0.3264166666666667 0.06428703703703705 0.01953125 0.030296296296296297
0 0.33691666666666664 0.003277777777777778 0.010984375 0.006240740740740741