0 0.31909375 0.011574074074074073 0.014619791666666666 0.022527777777777775
0 0.39355729166666664 0.12662962962962962 0.027265625 0.043916666666666666
0 0.24059895833333333 0.15841666666666668 0.03125 0.05762037037037037
0 0.3571770833333333 0.040388888888888884 0.017244791666666665 0.027111111111111114
0 0.3393541666666666 0.005685185185185185 0.012526041666666666 0.01113888888888889
0 0.2941875 0.07769444444444444 0.019682291666666667 0.03303703703703704
0 0.326171875 0.04031481481481482 0.018052083333333333 0.028481481481481483
0 0.339109375 0.13682407407407407 0.027265625 0.04685185185185185
0 0.34082291666666664 0.2263425925925926 0.034484375 0.06760185185185186
0 0.292234375 0.04475925925925926 0.017244791666666665 0.028481481481481483
0 0.3068854166666667 0.41450000000000004 0.057921875 0.1188148148148148
0 0.4291979166666666 0.20583333333333334 0.035890624999999995 0.06412962962962963
0 0.22021354166666668 0.7395833333333334 0.11297395833333333 0.23199074074074075
1 0.2907708333333333 0.1505 0.03423958333333333 0.07112962962962963
0 0.3278802083333333 0.05805555555555556 0.015364583333333333 0.026083333333333333