0 0.24133333333333334 0.15288888888888888 0.031083333333333334 0.05772222222222222
0 0.479734375 0.46440740740740744 0.05834895833333333 0.1490925925925926
0 0.3395989583333333 0.006314814814814815 0.012479166666666668 0.01237037037037037
0 0.322265625 0.04950925925925926 0.017244791666666665 0.028944444444444446
0 0.3283697916666667 0.07812962962962963 0.020567708333333334 0.03337037037037037
1 0.292234375 0.02150925925925926 0.017640625 0.03198148148148148
0 0.338625 0.18413888888888888 0.030729166666666665 0.05728703703703703
0 0.5239270833333334 0.7786481481481482 0.094484375 0.2881944444444444
0 0.3168958333333334 0.0035185185185185185 0.012192708333333333 0.00687962962962963
0 0.2229010416666667 0.46875 0.08154166666666667 0.13704629629629628
0 0.3513177083333333 0.01923148148148148 0.016984375 0.027203703703703702
0 0.322265625 0.02451851851851852 0.015604166666666667 0.027203703703703702