1 0.29175 0.14442592592592593 0.03338541666666666 0.06624074074074075
0 0.3266614583333334 0.05289814814814815 0.015901041666666667 0.028833333333333332
0 0.3383802083333334 0.00487037037037037 0.012869791666666667 0.009537037037037038
0 0.42578125 0.19303703703703703 0.03607291666666667 0.061796296296296294
0 0.2944322916666666 0.07426851851851851 0.019348958333333333 0.03222222222222222
0 0.318359375 0.01011111111111111 0.014229166666666666 0.02022222222222222
0 0.2404791666666667 0.15841666666666668 0.031677083333333335 0.05772222222222222
0 0.3549791666666666 0.03621296296296296 0.015958333333333335 0.026694444444444444
0 0.34082291666666664 0.21224074074074073 0.03359895833333334 0.06428703703703705
0 0.3383802083333334 0.12771296296296297 0.025557291666666666 0.046064814814814815
0 0.2924791666666666 0.042509259259259254 0.01738020833333333 0.026583333333333334
0 0.32519791666666664 0.036703703703703704 0.01738020833333333 0.028481481481481483
0 0.3127447916666667 0.3786851851851852 0.05371354166666666 0.10801851851851851
0 0.3901354166666666 0.1188148148148148 0.026916666666666665 0.043
0 0.246703125 0.6514722222222222 0.09875520833333334 0.19162037037037036