0 0.3686510416666666 0.07356481481481482 0.021239583333333333 0.034722222222222224
0 0.24096875 0.15841666666666668 0.03155729166666667 0.057185185185185186
0 0.337890625 0.1270648148148148 0.025911458333333335 0.04633333333333333
0 0.34375 0.011055555555555555 0.014447916666666666 0.02175925925925926
0 0.3322760416666667 0.30424999999999996 0.041229166666666664 0.08154629629629628
0 0.330078125 0.07128703703703704 0.020171875 0.034916666666666665
0 0.33203125 0.20833333333333334 0.034026041666666666 0.061092592592592594
0 0.3947760416666667 0.12033333333333333 0.025911458333333335 0.04424074074074074
0 0.3208020833333334 0.021675925925925925 0.014333333333333333 0.032712962962962965
0 0.4870625 0.9067407407407407 0.09386979166666666 0.18652777777777776
1 0.2932135416666667 0.09287962962962963 0.026807291666666667 0.05547222222222222
0 0.2934583333333334 0.04359259259259259 0.01684375 0.030296296296296297
0 0.2927239583333333 0.024805555555555556 0.01428125 0.021027777777777777
0 0.3125 0.0035092592592592593 0.007546875 0.006953703703703703
0 0.13513020833333333 0.9835092592592594 0.09808333333333333 0.02962037037037037