0 0.2934583333333334 0.05973148148148149 0.018234375 0.02815740740740741
0 0.24072395833333332 0.15875 0.03149479166666667 0.057074074074074076
0 0.37890625 0.09494444444444446 0.023817708333333333 0.037925925925925925
0 0.2932135416666667 0.031842592592592596 0.015078125 0.02599074074074074
0 0.3168958333333334 0.0064907407407407405 0.01296875 0.012814814814814815
0 0.4096666666666666 0.1548425925925926 0.029755208333333335 0.052703703703703704
0 0.348875 0.022527777777777775 0.015250000000000001 0.02297222222222222
0 0.33471875 0.09689814814814815 0.02271875 0.03836111111111111
0 0.307375 0.4305555555555556 0.05865625 0.11794444444444444
0 0.34082291666666664 0.16536111111111113 0.02880729166666667 0.05462962962962963
0 0.32715104166666664 0.27929629629629626 0.0416875 0.0777962962962963
1 0.29175 0.11599074074074074 0.029479166666666667 0.05962037037037037
0 0.32324479166666664 0.03836111111111111 0.014619791666666666 0.026287037037037036
0 0.3225104166666667 0.02387037037037037 0.015838541666666667 0.025583333333333333