0 0.357421875 0.04738888888888889 0.018984375 0.030759259259259257
0 0.378171875 0.08181481481481481 0.023026041666666667 0.036564814814814814
0 0.24108854166666666 0.15841666666666668 0.03125 0.05750925925925926
0 0.49096875 0.7144074074074074 0.0808125 0.2536851851851852
0 0.293703125 0.028731481481481483 0.014505208333333333 0.026490740740740742
0 0.31738541666666664 0.011537037037037038 0.012723958333333334 0.0227037037037037
0 0.331296875 0.13975925925925925 0.027265625 0.04730555555555556
0 0.338625 0.1991111111111111 0.03210416666666667 0.05837962962962963
0 0.3239739583333333 0.04259259259259259 0.017989583333333333 0.029944444444444447
0 0.333984375 0.08653703703703704 0.022078125 0.03938888888888889
0 0.28418229166666664 0.5334166666666667 0.07452604166666667 0.15288888888888888
0 0.336671875 0.0032222222222222222 0.011640625 0.006212962962962963
1 0.2932135416666667 0.067 0.024046875000000002 0.046685185185185184