0 0.337158203125 0.003399319118923611 0.012054443359375 0.006642659505208333
0 0.31787109375 0.0087890625 0.0142822265625 0.017198350694444444
0 0.294189453125 0.0686306423611111 0.0185089111328125 0.030300564236111112
0 0.29248046875 0.03843858506944445 0.01678466796875 0.02762858072916667
0 0.353271484375 0.030897352430555556 0.0167236328125 0.025295681423611112
0 0.324462890625 0.032524956597222224 0.017578125 0.02658420138888889
0 0.24072265625 0.15983072916666666 0.03192138671874999 0.057508680555555546
0 0.4208984375 0.1796875 0.0343017578125 0.05826822916666666
0 0.320068359375 0.3409288194444444 0.047882080078125 0.09478081597222222
1 0.29248046875 0.1343315972222222 0.03283691406249999 0.06429036458333333
0 0.341552734375 0.19466145833333334 0.03179931640624999 0.06005859375
0 0.3857421875 0.11040581597222222 0.0257568359375 0.040852864583333336
0 0.273193359375 0.5594618055555556 0.08154296875 0.1567925347222222
0 0.325927734375 0.04942491319444445 0.015716552734375003 0.026082356770833332
0 0.336669921875 0.1159939236111111 0.0248870849609375 0.04334852430555555