0 0.24072395833333332 0.15875 0.03125 0.057833333333333334
0 0.378171875 0.08701851851851852 0.021864583333333333 0.03355555555555556
0 0.340578125 0.17046296296296296 0.030791666666666665 0.05143518518518518
0 0.29199479166666664 0.15983333333333333 0.030729166666666665 0.05132407407407407
1 0.09875520833333334 0.7230925925925926 0.15869270833333332 0.30012962962962964
0 0.47925 0.3760833333333333 0.050234375000000005 0.11285185185185184
0 0.4243177083333334 0.1880462962962963 0.034026041666666666 0.05150925925925926
0 0.32934375 0.0881574074074074 0.022505208333333335 0.03735185185185186
0 0.301515625 0.007407407407407408 0.004666666666666667 0.010925925925925926
0 0.499265625 0.7747407407407407 0.09234375 0.29253703703703704
0 0.2785625 0.2717037037037037 0.04083333333333334 0.07101851851851852
0 0.345703125 0.25151851851851853 0.030333333333333334 0.07031481481481482
0 0.318359375 0.01990740740740741 0.015250000000000001 0.024712962962962964