0 0.241453125 0.1542962962962963 0.030625 0.05762037037037037
0 0.3591302083333333 0.03836111111111111 0.019453125 0.027537037037037037
0 0.3452135416666666 0.014787037037037038 0.014619791666666666 0.023777777777777776
0 0.3264166666666667 0.04218518518518519 0.01890625 0.030296296296296297
0 0.529296875 0.8858518518518519 0.10949479166666666 0.22612962962962962
0 0.318359375 0.01100925925925926 0.013953125 0.020944444444444446
0 0.4838854166666666 0.5138888888888888 0.06359895833333333 0.16569444444444442
0 0.3322760416666667 0.111 0.023286458333333333 0.03857407407407407
0 0.07473958333333333 0.8654537037037038 0.14947395833333335 0.2675740740740741
0 0.3256822916666666 0.0759537037037037 0.021041666666666667 0.035398148148148144
1 0.292234375 0.0354537037037037 0.019682291666666667 0.03247222222222222
0 0.3361822916666667 0.2539074074074074 0.038328125000000005 0.0720462962962963