0 0.3239739583333333 0.04535185185185185 0.018479166666666665 0.02962037037037037
0 0.313234375 0.004166666666666667 0.012010416666666666 0.008324074074074074
0 0.24096875 0.1590740740740741 0.03143229166666667 0.05642592592592592
0 0.29296875 0.09564814814814815 0.023072916666666665 0.03635185185185185
0 0.2932135416666667 0.1548425925925926 0.026807291666666667 0.04562962962962963
0 0.3344739583333334 0.0930462962962963 0.021989583333333333 0.036620370370370366
0 0.4787604166666667 0.4108055555555556 0.053802083333333334 0.12792592592592592
0 0.387453125 0.10623148148148148 0.024046875000000002 0.037703703703703705
0 0.35644791666666664 0.03813888888888889 0.01634375 0.02700925925925926
1 0.26171875 0.3170555555555556 0.060760416666666664 0.12337037037037038
0 0.33471875 0.3621944444444445 0.050140625 0.10704629629629629
0 0.448484375 0.24783333333333335 0.042020833333333334 0.074
0 0.24816666666666667 0.6953148148148148 0.10796875 0.22461111111111112
0 0.340578125 0.13433333333333333 0.022244791666666666 0.03976851851851852