0 0.24096875 0.15841666666666668 0.03143229166666667 0.056861111111111105
0 0.34472916666666664 0.012416666666666666 0.014505208333333333 0.02287962962962963
0 0.3308125 0.07568518518518517 0.020140625000000002 0.034722222222222224
0 0.321046875 0.028481481481481483 0.012921875 0.024064814814814813
0 0.2927239583333333 0.02538888888888889 0.01428125 0.02209259259259259
0 0.479734375 0.9296851851851852 0.12683333333333333 0.14062962962962963
0 0.338625 0.13389814814814816 0.02685416666666667 0.04820370370370371
0 0.39721875 0.12564814814814815 0.026411458333333335 0.04657407407407407
0 0.370359375 0.07752777777777778 0.022244791666666666 0.035398148148148144
0 0.293703125 0.04758333333333333 0.017041666666666667 0.026694444444444444
0 0.3208020833333334 0.01473148148148148 0.013536458333333333 0.025092592592592593
0 0.3283697916666667 0.32378703703703704 0.04458854166666667 0.08637037037037038
1 0.2927239583333333 0.09619444444444444 0.027692708333333333 0.05587962962962963
0 0.3139635416666666 0.003777777777777778 0.009302083333333332 0.0073518518518518525
0 0.3325208333333334 0.21842592592592594 0.03521875 0.06309259259259259