0 0.292234375 0.15646296296296294 0.030046874999999997 0.05056481481481481
0 0.24072395833333332 0.15875 0.03136979166666667 0.05762037037037037
0 0.421875 0.1831574074074074 0.033265625 0.05056481481481481
0 0.3400885416666667 0.16623148148148148 0.030500000000000003 0.049962962962962966
0 0.3464375 0.24457407407407405 0.029541666666666667 0.06526851851851852
0 0.478515625 0.36892592592592593 0.050234375000000005 0.11018518518518519
0 0.3764635416666666 0.08371296296296296 0.021161458333333334 0.03337037037037037
0 0.32934375 0.08637037037037038 0.021911458333333335 0.03643518518518519
0 0.3178697916666666 0.019083333333333334 0.014953125000000001 0.02462037037037037
1 0.11615104166666666 0.6827222222222222 0.14758333333333334 0.2784259259259259
0 0.49707291666666664 0.7430555555555556 0.08618229166666666 0.27625925925925926
0 0.28027604166666664 0.26301851851851854 0.04132291666666667 0.06836111111111111
0 0.3002916666666666 0.00650925925925926 0.004697916666666666 0.010592592592592593