1 0.22033854166666667 0.4305555555555556 0.08508333333333334 0.16829629629629628
0 0.24072395833333332 0.1590740740740741 0.031083333333333334 0.05675
0 0.3151875 0.009175925925925926 0.013276041666666665 0.017796296296296296
0 0.3381354166666667 0.12207407407407407 0.02499479166666667 0.04259259259259259
0 0.29296875 0.11989814814814816 0.024885416666666667 0.042509259259259254
0 0.365234375 0.05772222222222222 0.01864583333333333 0.029944444444444447
0 0.2905260416666666 0.1970462962962963 0.03222395833333333 0.05587962962962963
0 0.3264166666666667 0.06282407407407407 0.019713541666666667 0.03355555555555556
0 0.2915052083333334 0.5755185185185184 0.08508333333333334 0.17621296296296296
0 0.40234375 0.13953703703703701 0.028380208333333334 0.04492592592592593
0 0.344484375 0.17556481481481484 0.02465625 0.05132407407407407
0 0.4897447916666666 0.53125 0.06335416666666667 0.17556481481481484
0 0.46386979166666664 0.3029537037037037 0.04477083333333333 0.08881481481481482