0 0.3361822916666667 0.0032222222222222222 0.011916666666666666 0.006287037037037037
0 0.24059895833333333 0.15875 0.031083333333333334 0.056861111111111105
0 0.3510729166666666 0.026194444444444444 0.015302083333333332 0.025092592592592593
0 0.317625 0.007472222222222222 0.013848958333333333 0.014944444444444444
0 0.2924791666666666 0.034916666666666665 0.016463541666666668 0.027314814814814816
0 0.3359375 0.10623148148148148 0.024703125 0.04218518518518519
1 0.29175 0.12380555555555556 0.0305625 0.06412962962962963
0 0.382078125 0.10297222222222221 0.024796875 0.04014814814814815
0 0.293703125 0.06342592592592593 0.018338541666666666 0.02937962962962963
0 0.34082291666666664 0.1793611111111111 0.029479166666666667 0.057185185185185186
0 0.2954114583333334 0.015064814814814814 0.014177083333333333 0.019842592592592592
0 0.3244635416666667 0.04123148148148148 0.015604166666666667 0.02949074074074074
0 0.2927239583333333 0.4891481481481481 0.06878645833333333 0.13487037037037036
0 0.323484375 0.30686111111111114 0.043703124999999995 0.08512037037037037
0 0.4145520833333334 0.16655555555555554 0.03204166666666667 0.05452777777777778
0 0.3227552083333334 0.026287037037037036 0.014838541666666667 0.02086111111111111