0 0.24059895833333333 0.15841666666666668 0.031203124999999998 0.05728703703703703
0 0.3413072916666666 0.1758888888888889 0.029708333333333333 0.05739814814814815
0 0.38159375 0.10107407407407407 0.024614583333333332 0.03938888888888889
0 0.293703125 0.0639074074074074 0.018541666666666668 0.028944444444444446
0 0.3354479166666666 0.10389814814814814 0.023817708333333333 0.04147222222222222
0 0.31738541666666664 0.007314814814814815 0.013223958333333334 0.014388888888888889
1 0.2915052083333334 0.12250000000000001 0.030500000000000003 0.06309259259259259
0 0.35058854166666664 0.024712962962962964 0.015671875 0.025296296296296296
0 0.2927239583333333 0.034527777777777775 0.01571875 0.026379629629629628
0 0.2966302083333333 0.4765648148148149 0.066953125 0.12955555555555553
0 0.3244635416666667 0.04204629629629629 0.015130208333333334 0.026083333333333333
0 0.4140625 0.16395370370370368 0.03234895833333333 0.05371296296296296
0 0.32519791666666664 0.2992592592592592 0.04311979166666667 0.0835462962962963
0 0.3342291666666667 0.003851851851851852 0.013067708333333334 0.007120370370370371
0 0.32324479166666664 0.027537037037037037 0.015541666666666667 0.02762962962962963
0 0.2946770833333333 0.018212962962962966 0.014177083333333333 0.021935185185185186