0 0.24133333333333334 0.15266666666666667 0.03095833333333333 0.05514814814814815
1 0.2932135416666667 0.01561111111111111 0.014447916666666666 0.024064814814814813
0 0.2658697916666667 0.34158333333333335 0.05676041666666667 0.09477777777777778
0 0.3464375 0.010675925925925926 0.015130208333333334 0.020944444444444446
0 0.5146510416666666 0.7035555555555556 0.0834375 0.24500925925925926
0 0.3259270833333333 0.06016666666666667 0.018828124999999998 0.030759259259259257
0 0.337890625 0.1490925925925926 0.027010416666666665 0.052
0 0.3208020833333334 0.033666666666666664 0.016921875 0.02949074074074074
0 0.321046875 0.012175925925925927 0.014447916666666666 0.024333333333333335
0 0.47558854166666664 0.4433611111111111 0.05603125 0.1423611111111111
0 0.7114270833333334 0.9027777777777778 0.1198125 0.18771296296296294