0 0.32153125 0.026805555555555555 0.015427083333333334 0.027111111111111114
1 0.2839375 0.22352777777777777 0.04193229166666667 0.09033333333333333
0 0.2924791666666666 0.07058333333333333 0.02041666666666667 0.03125
0 0.3725572916666666 0.07302777777777779 0.02069270833333333 0.031490740740740736
0 0.3305677083333334 0.06380555555555555 0.019713541666666667 0.03198148148148148
0 0.2944322916666666 0.11393518518518518 0.023375 0.03827777777777778
0 0.4592291666666667 0.30360185185185184 0.04467708333333333 0.09114814814814814
0 0.4235833333333333 0.18771296296296294 0.035734375 0.058916666666666666
0 0.3481458333333334 0.019018518518518518 0.014557291666666666 0.02424074074074074
0 0.158203125 0.9014259259259259 0.14684895833333333 0.19715740740740742
0 0.24096875 0.1590740740740741 0.03155729166666667 0.056962962962962965
0 0.3237291666666666 0.38411111111111107 0.055510416666666666 0.10937962962962963
0 0.3354479166666666 0.0930462962962963 0.018234375 0.03439814814814815
0 0.3432604166666666 0.22721296296296295 0.035734375 0.06927777777777777