0 0.31787109375 0.009318033854166666 0.01422882080078125 0.017727322048611112
0 0.241455078125 0.15321180555555555 0.0310821533203125 0.05924479166666666
0 0.344482421875 0.012132432725694444 0.01473236083984375 0.023152669270833332
0 0.33642578125 0.2424045138888889 0.036224365234375 0.07085503472222222
0 0.357177734375 0.034586588541666664 0.0182952880859375 0.02658420138888889
0 0.331787109375 0.10313585069444445 0.0222015380859375 0.037543402777777776
0 0.325439453125 0.037272135416666664 0.0180206298828125 0.027940538194444448
0 0.482177734375 0.5047743055555556 0.06292724609375 0.1662326388888889
0 0.5283203125 0.8724500868055556 0.109130859375 0.2550998263888889
1 0.29248046875 0.032769097222222224 0.019012451171875 0.029947916666666668
0 0.3251953125 0.0705837673611111 0.0202178955078125 0.03407118055555555
0 0.100341796875 0.7877604166666666 0.1558837890625 0.2721354166666667