0 0.29219791666666667 0.008787037037037038 0.016109375 0.017564814814814814
0 0.3217083333333333 0.04248148148148148 0.016104166666666666 0.02837962962962963
0 0.3185260416666667 0.027046296296296297 0.016682291666666668 0.016027777777777776
0 0.31794791666666666 0.007749999999999999 0.015526041666666665 0.015509259259259259
0 0.33646354166666664 0.11631481481481482 0.021307291666666665 0.05567592592592593
0 0.239828125 0.1469351851851852 0.03984895833333334 0.07061111111111111
0 0.28785937500000003 0.23876851851851852 0.04215104166666667 0.0783611111111111
0 0.11513020833333334 0.6977222222222222 0.14808333333333332 0.2555277777777778
0 0.47779166666666667 0.4265648148148148 0.06264062499999999 0.13914814814814816
0 0.5097604166666667 0.6472962962962964 0.08664583333333334 0.22875
0 0.787640625 0.7141851851851853 0.13720833333333332 0.24524074074074076