1 0.2161875 0.4398888888888889 0.08990625000000001 0.1722037037037037
0 0.3381354166666667 0.12359259259259259 0.025755208333333335 0.04335185185185185
0 0.24059895833333333 0.1590740740740741 0.031140624999999998 0.05663888888888889
0 0.46484375 0.30707407407407405 0.045682291666666666 0.0923425925925926
0 0.29296875 0.1212037037037037 0.025557291666666666 0.043
0 0.3264166666666667 0.06331481481481481 0.02021875 0.03347222222222222
0 0.40332291666666664 0.14105555555555555 0.02880729166666667 0.04275
0 0.3657239583333334 0.0587037037037037 0.018796875 0.030296296296296297
0 0.344484375 0.17838888888888887 0.02546875 0.05319444444444445
0 0.29028125 0.1998703703703704 0.03332291666666667 0.05547222222222222
0 0.4907239583333334 0.536888888888889 0.06463541666666667 0.17187962962962963
0 0.31543229166666664 0.009537037037037038 0.013588541666666667 0.01864814814814815
0 0.286375 0.5933148148148147 0.08709895833333332 0.1831574074074074