1 0.2939375 0.05894444444444444 0.03249479166666667 0.04775925925925926
0 0.29248958333333336 0.020101851851851853 0.020161458333333333 0.025796296296296296
0 0.338203125 0.1731574074074074 0.03771354166666666 0.05594444444444445
0 0.33068229166666663 0.12145370370370369 0.03540104166666667 0.049277777777777775
0 0.331546875 0.07462962962962963 0.02671875 0.04003703703703704
0 0.3224322916666667 0.036814814814814814 0.01890625 0.026157407407407407
0 0.31592708333333336 0.010287037037037037 0.023244791666666667 0.020574074074074074
0 0.3548385416666667 0.035277777777777776 0.02354166666666667 0.035416666666666666
0 0.37465625 0.0723148148148148 0.027307291666666667 0.03540740740740741
0 0.23925520833333333 0.15488888888888888 0.04463541666666667 0.07087037037037038
0 0.3052239583333333 0.4368333333333333 0.062010416666666665 0.12427777777777778
0 0.48720312499999996 0.64725 0.10082291666666668 0.2404722222222222