0 0.24096875 0.15875 0.03136979166666667 0.05642592592592592
0 0.3315416666666666 0.07839814814814815 0.020723958333333334 0.0361574074074074
0 0.33886979166666664 0.13704629629629628 0.026703125 0.047935185185185185
0 0.371828125 0.0791574074074074 0.022677083333333334 0.03559259259259259
0 0.293703125 0.04950925925925926 0.01684375 0.02700925925925926
0 0.32129166666666664 0.029944444444444447 0.013901041666666667 0.02548148148148148
0 0.33105729166666664 0.22743518518518518 0.037322916666666664 0.065
0 0.321046875 0.015370370370370371 0.014786458333333334 0.024333333333333335
0 0.2932135416666667 0.02578703703703704 0.014390624999999999 0.022796296296296297
0 0.32519791666666664 0.3374537037037037 0.04647916666666666 0.09130555555555556
0 0.3452135416666666 0.014157407407407407 0.0140625 0.023777777777777776
0 0.399171875 0.13075 0.027328124999999998 0.04613888888888889
1 0.2927239583333333 0.09923148148148149 0.0280625 0.05587962962962963
0 0.4880364583333333 0.9444444444444444 0.0910625 0.11062037037037037