0 0.4802239583333333 0.46658333333333335 0.057374999999999995 0.1490925925925926
0 0.525390625 0.7881944444444444 0.09588541666666667 0.2921018518518519
0 0.3168958333333334 0.003537037037037037 0.011552083333333333 0.006824074074074074
0 0.322265625 0.05143518518518518 0.016921875 0.02689814814814815
0 0.24133333333333334 0.15266666666666667 0.031140624999999998 0.05805555555555556
0 0.3513177083333333 0.019675925925925927 0.016098958333333333 0.026583333333333334
0 0.3383802083333334 0.18738888888888888 0.03143229166666667 0.05837962962962963
0 0.33984375 0.006592592592592593 0.012338541666666668 0.012611111111111111
0 0.21667708333333333 0.4830740740740741 0.08386458333333334 0.1423611111111111
0 0.328859375 0.07926851851851852 0.020567708333333334 0.03347222222222222
0 0.3227552083333334 0.02538888888888889 0.014671875000000001 0.025
1 0.29296875 0.022185185185185186 0.016661458333333334 0.030296296296296297