0 0.24133333333333334 0.1567962962962963 0.031083333333333334 0.05859259259259259
0 0.32934375 0.06141666666666667 0.019270833333333334 0.03209259259259259
0 0.328859375 0.10037037037037037 0.02346875 0.039009259259259264
0 0.3359375 0.1438796296296296 0.026354166666666668 0.04657407407407407
0 0.31543229166666664 0.005796296296296296 0.010291666666666668 0.011583333333333333
0 0.36621354166666664 0.05566666666666666 0.020645833333333332 0.031842592592592596
1 0.2927239583333333 0.04657407407407407 0.021578125 0.04451851851851852
0 0.3254375 0.340712962962963 0.04699479166666667 0.09705555555555555
0 0.3500989583333334 0.02826851851851852 0.016588541666666668 0.02538888888888889
0 0.3205572916666667 0.02323148148148148 0.015604166666666667 0.025
0 0.48828125 0.5785555555555556 0.06866666666666667 0.1909722222222222
0 0.5366197916666666 0.9864537037037036 0.07904166666666666 0.027101851851851853