0 0.483640625 0.4800370370370371 0.06042708333333333 0.15537962962962965
0 0.353515625 0.02538888888888889 0.01738020833333333 0.026490740740740742
0 0.323484375 0.028481481481481483 0.016984375 0.029944444444444447
0 0.5224635416666666 0.8394074074074074 0.10107291666666667 0.3135833333333333
0 0.31738541666666664 0.0054444444444444445 0.012526041666666666 0.010592592592592593
0 0.24133333333333334 0.15321296296296297 0.03085416666666667 0.05772222222222222
0 0.3376458333333333 0.20789814814814814 0.03359895833333334 0.06271296296296297
1 0.29199479166666664 0.02538888888888889 0.01836979166666667 0.03265740740740741
0 0.341796875 0.008583333333333333 0.01296875 0.016537037037037038
0 0.323484375 0.05805555555555556 0.01890625 0.03125
0 0.17809895833333333 0.5859351851851852 0.10650520833333334 0.18000925925925926
0 0.3303229166666667 0.08849074074074073 0.021911458333333335 0.03648148148148148