0 0.317625 0.0074907407407407405 0.013848958333333333 0.014962962962962963
0 0.3515625 0.026805555555555555 0.016020833333333335 0.026379629629629628
0 0.3361822916666667 0.10780555555555556 0.025083333333333332 0.04259259259259259
0 0.3247083333333334 0.044000000000000004 0.015541666666666667 0.026379629629629628
0 0.3410625 0.1815277777777778 0.030916666666666665 0.05848148148148148
0 0.29296875 0.03553703703703704 0.015901041666666667 0.027314814814814816
0 0.32324479166666664 0.026083333333333333 0.016098958333333333 0.025685185185185182
0 0.29004166666666664 0.5021666666666667 0.07183854166666667 0.1383425925925926
1 0.29175 0.12543518518518518 0.030380208333333332 0.065
0 0.383546875 0.10373148148148148 0.025083333333333332 0.040768518518518516
0 0.2934583333333334 0.06401851851851852 0.01864583333333333 0.03136111111111111
0 0.24096875 0.15928703703703703 0.03155729166666667 0.05739814814814815
0 0.322265625 0.3135833333333333 0.04477083333333333 0.08864814814814814
0 0.4162604166666667 0.1701388888888889 0.03210416666666667 0.05525925925925926
0 0.3364270833333334 0.0030185185185185185 0.011598958333333333 0.005888888888888889