0 0.338625 0.005037037037037038 0.012526041666666666 0.009870370370370371
0 0.3217760416666666 0.043916666666666666 0.017302083333333333 0.03040740740740741
0 0.24133333333333334 0.15234259259259259 0.031203124999999998 0.05805555555555556
0 0.5180677083333334 0.7591111111111112 0.09368749999999999 0.2775648148148148
0 0.349609375 0.016990740740740744 0.01621875 0.026379629629629628
1 0.2924791666666666 0.018583333333333334 0.016588541666666668 0.030898148148148147
0 0.4802239583333333 0.4592037037037037 0.057588541666666666 0.14626851851851852
0 0.338625 0.17404629629629628 0.030104166666666664 0.055768518518518516
0 0.3276354166666666 0.07286111111111111 0.02002083333333333 0.03407407407407407
0 0.237546875 0.42903703703703705 0.073546875 0.1212037037037037
0 0.3220208333333333 0.01952777777777778 0.016161458333333333 0.029055555555555553
0 0.317625 0.003203703703703704 0.013635416666666667 0.006166666666666667