0 0.24108854166666666 0.15928703703703703 0.03125 0.05587962962962963
0 0.37378125 0.08382407407407408 0.022796875 0.035398148148148144
0 0.3464375 0.017194444444444446 0.01428125 0.02415740740740741
0 0.3217760416666666 0.030657407407407408 0.014505208333333333 0.027740740740740743
0 0.3161614583333333 0.005175925925925926 0.012526041666666666 0.010268518518518519
0 0.33984375 0.14333333333333334 0.027223958333333336 0.04923148148148148
0 0.33203125 0.08322222222222221 0.02140625 0.036620370370370366
0 0.293703125 0.05240740740740741 0.017041666666666667 0.028046296296296295
0 0.3298333333333333 0.2408888888888889 0.03796354166666667 0.06862962962962964
1 0.2927239583333333 0.10411111111111111 0.027692708333333333 0.05750925925925926
0 0.2932135416666667 0.02689814814814815 0.014447916666666666 0.02451851851851852
0 0.3217760416666666 0.3611111111111111 0.04858333333333333 0.09760185185185184
0 0.4025885416666667 0.13725925925925928 0.028442708333333334 0.04738888888888889
0 0.48730729166666664 0.9678796296296296 0.087890625 0.05924074074074074