1 0.2907708333333333 0.16069444444444445 0.034942708333333336 0.07058333333333333
0 0.3198229166666666 0.013518518518518518 0.014953125000000001 0.025296296296296296
0 0.293703125 0.08338888888888889 0.020369791666666668 0.03407407407407407
0 0.32690625 0.04234259259259259 0.018510416666666665 0.030657407407407408
0 0.3400885416666667 0.007092592592592593 0.011869791666666666 0.014101851851851852
0 0.2924791666666666 0.04950925925925926 0.018187500000000002 0.028046296296296295
0 0.2404791666666667 0.15787962962962962 0.03155729166666667 0.05859259259259259
0 0.4360364583333334 0.2202685185185185 0.0376875 0.06813888888888889
0 0.328859375 0.06342592592592593 0.015901041666666667 0.027740740740740743
0 0.34082291666666664 0.1505 0.028593749999999998 0.053009259259259256
0 0.3596197916666667 0.04562962962962963 0.018583333333333334 0.02862037037037037
0 0.3403333333333334 0.24609259259259256 0.03753645833333333 0.07346296296296297
0 0.3984375 0.13704629629629628 0.029875 0.046685185185185184
0 0.2951666666666667 0.46875 0.06732291666666666 0.13465740740740742
0 0.17199479166666667 0.8697962962962963 0.14221354166666667 0.2486944444444444