0 0.24169791666666668 0.1567962962962963 0.031140624999999998 0.05762037037037037
1 0.2932135416666667 0.04234259259259259 0.020171875 0.03754629629629629
0 0.3266614583333334 0.08686111111111111 0.021453125 0.037925925925925925
0 0.33105729166666664 0.29362037037037036 0.0403125 0.08338888888888889
0 0.36230729166666664 0.047935185185185185 0.019421874999999998 0.02862037037037037
0 0.4860833333333333 0.542537037037037 0.06524479166666666 0.17653703703703702
0 0.3337395833333333 0.125 0.024427083333333332 0.042509259259259254
0 0.32715104166666664 0.05132407407407407 0.018401041666666666 0.02949074074074074
0 0.5336927083333334 0.9253518518518519 0.10192708333333332 0.14539814814814814
0 0.34765625 0.02297222222222222 0.015776041666666667 0.02135185185185185
0 0.31933854166666664 0.017944444444444443 0.014333333333333333 0.021268518518518516