0 0.24096875 0.15928703703703703 0.031140624999999998 0.05599074074074074
0 0.32301041666666663 0.01958333333333333 0.013500000000000002 0.01037037037037037
0 0.34668229166666664 0.017657407407407406 0.014333333333333333 0.024064814814814813
0 0.3220208333333333 0.03610185185185185 0.015958333333333335 0.018916666666666665
0 0.37402604166666664 0.08512037037037037 0.022677083333333334 0.03486111111111111
0 0.293703125 0.05371296296296296 0.01718229166666667 0.027314814814814816
0 0.3322760416666667 0.08512037037037037 0.02177604166666667 0.0361574074074074
0 0.3403333333333334 0.14572222222222223 0.027526041666666667 0.049694444444444444
0 0.3298333333333333 0.2447962962962963 0.038453125 0.06982407407407407
0 0.3208020833333334 0.3680555555555556 0.050046875000000005 0.10090740740740742
0 0.4028333333333334 0.13910185185185184 0.028489583333333336 0.05015740740740741
0 0.3159166666666666 0.005222222222222222 0.011916666666666666 0.01038888888888889
1 0.29296875 0.10585185185185185 0.027953125000000002 0.05750925925925926
0 0.29296875 0.027537037037037037 0.014838541666666667 0.02548148148148148
0 0.4880364583333333 0.9791666666666666 0.08496354166666667 0.03925