0 0.3474114583333333 0.018083333333333333 0.014447916666666666 0.02424074074074074
0 0.4572760416666667 0.2951388888888889 0.04477083333333333 0.09065740740740741
1 0.2846666666666666 0.21744444444444444 0.04113541666666667 0.08881481481481482
0 0.2924791666666666 0.06836111111111111 0.019640625000000002 0.030759259259259257
0 0.3303229166666667 0.062333333333333324 0.0195625 0.03233333333333333
0 0.32129166666666664 0.025685185185185182 0.015250000000000001 0.026805555555555555
0 0.343015625 0.21875 0.035828125 0.06673148148148147
0 0.24108854166666666 0.15961111111111112 0.03204166666666667 0.05805555555555556
0 0.2941875 0.111 0.023375 0.036703703703703704
0 0.42090104166666664 0.18250925925925926 0.035062499999999996 0.05675
0 0.3715833333333334 0.07085185185185185 0.02021875 0.03113888888888889
0 0.335203125 0.09201851851851851 0.01836979166666667 0.02949074074074074
0 0.1735833333333333 0.8645833333333334 0.14758333333333334 0.2506481481481481
0 0.3247083333333334 0.36784259259259255 0.051359375 0.10899074074074074