1 0.16308854166666667 0.5742222222222222 0.11755208333333332 0.22895370370370371
0 0.24072395833333332 0.1590740740740741 0.031677083333333335 0.056861111111111105
0 0.317140625 0.014157407407407407 0.014671875000000001 0.024712962962962964
0 0.2932135416666667 0.14160185185185187 0.028104166666666666 0.04730555555555556
0 0.3283697916666667 0.0765 0.021010416666666667 0.036000000000000004
0 0.3395989583333333 0.1481111111111111 0.028869791666666665 0.04812037037037037
0 0.345703125 0.2163611111111111 0.028213541666666668 0.059953703703703703
0 0.4157708333333333 0.16687962962962963 0.031020833333333334 0.04747222222222223
0 0.203859375 0.8680555555555556 0.149046875 0.25673148148148145
0 0.4958489583333333 0.6536481481481482 0.077515625 0.22548148148148148
0 0.2846666666666666 0.2374166666666667 0.03726041666666667 0.06401851851851852
0 0.47363541666666664 0.34375 0.04733333333333333 0.10335185185185186
0 0.3725572916666666 0.07411111111111111 0.020171875 0.031842592592592596
0 0.302734375 0.005379629629629629 0.006463541666666667 0.00999074074074074