0 0.3166510416666667 0.01300925925925926 0.0140625 0.024425925925925924
0 0.24096875 0.1590740740740741 0.03143229166666667 0.056861111111111105
0 0.2927239583333333 0.13562962962962963 0.027328124999999998 0.04475925925925926
0 0.3276354166666666 0.07346296296296297 0.02084375 0.03431481481481482
1 0.18457291666666667 0.5234351851851852 0.10302604166666667 0.20616666666666666
0 0.3393541666666666 0.1402962962962963 0.027265625 0.044000000000000004
0 0.2990729166666667 0.003564814814814815 0.005218749999999999 0.006935185185185186
0 0.2868645833333333 0.22417592592592595 0.03555208333333334 0.06076851851851851
0 0.37011979166666664 0.06965740740740742 0.019911458333333333 0.03198148148148148
0 0.4926770833333334 0.6098055555555556 0.07183854166666667 0.20366666666666666
0 0.410890625 0.15787962962962962 0.02958854166666667 0.04633333333333333
0 0.23938020833333334 0.7777777777777778 0.121703125 0.2675740740740741
0 0.3452135416666666 0.20225925925925925 0.02763541666666667 0.059027777777777776
0 0.46996875 0.33160185185185187 0.04654166666666667 0.09976851851851852