0 0.3479010416666667 0.013064814814814814 0.015776041666666667 0.023777777777777776
0 0.32129166666666664 0.015981481481481482 0.015130208333333334 0.026805555555555555
0 0.24133333333333334 0.15266666666666667 0.03095833333333333 0.056101851851851854
0 0.4790052083333334 0.44922222222222224 0.0559375 0.14366666666666666
0 0.5161145833333334 0.7230925925925926 0.08569270833333334 0.26540740740740737
1 0.2924791666666666 0.01712962962962963 0.016020833333333335 0.027111111111111114
0 0.32690625 0.06526851851851852 0.019682291666666667 0.03174074074074074
0 0.3383802083333334 0.16048148148148147 0.028869791666666665 0.05170370370370371
0 0.33715625 0.003490740740740741 0.010817708333333334 0.006666666666666667
0 0.25488541666666664 0.3760833333333333 0.06359895833333333 0.1060648148148148
0 0.7016614583333334 0.9453148148148148 0.106875 0.10623148148148148
0 0.3208020833333334 0.039009259259259264 0.016661458333333334 0.028731481481481483