0 0.5087916666666666 0.6280370370370371 0.07904166666666666 0.2086574074074074
0 0.4760729166666666 0.41340740740740745 0.054109375 0.14051851851851851
0 0.240234375 0.14648148148148146 0.03125 0.05663888888888889
0 0.3334947916666666 0.10585185185185185 0.024 0.04443518518518519
0 0.2927239583333333 0.006796296296296296 0.015015625 0.012861111111111111
0 0.29028125 0.22243518518518518 0.03854166666666667 0.06548148148148147
0 0.802734375 0.6714444444444444 0.11755208333333332 0.21777777777777776
0 0.14416666666666667 0.6184907407407407 0.11840625 0.21375925925925926
0 0.3178697916666666 0.008046296296296296 0.013791666666666667 0.016083333333333335
0 0.3208020833333334 0.03136111111111111 0.017713541666666666 0.03241666666666666
0 0.34082291666666664 0.002861111111111111 0.014786458333333334 0.005342592592592592