0 0.24096875 0.1505 0.03136979166666667 0.05848148148148148
0 0.34496875 0.008037037037037037 0.014229166666666666 0.015787037037037037
0 0.4780260416666666 0.43315740740740744 0.05676041666666667 0.1408425925925926
0 0.5102552083333334 0.6718796296296297 0.08252083333333333 0.22808333333333333
0 0.27734375 0.29535185185185187 0.047880208333333334 0.08045370370370371
0 0.32421875 0.05064814814814815 0.018265625 0.03113888888888889
0 0.319578125 0.02599074074074074 0.015489583333333333 0.027537037037037037
0 0.2932135416666667 0.017064814814814814 0.0136875 0.010796296296296297
0 0.04283333333333333 0.9010462962962963 0.08566145833333333 0.1890185185185185
0 0.7373072916666668 0.852 0.12988541666666667 0.2849351851851852
0 0.3359375 0.13411111111111113 0.02655208333333333 0.048018518518518516
0 0.31933854166666664 0.008129629629629629 0.012572916666666666 0.016157407407407405