0 0.509765625 0.64453125 0.07989501953125 0.2156032986111111
0 0.240478515625 0.14832899305555555 0.03155517578125 0.05891927083333333
0 0.47705078125 0.4227430555555556 0.0546875 0.13856336805555555
0 0.3427734375 0.004696316189236111 0.0141143798828125 0.009134928385416666
0 0.2861328125 0.25 0.04302978515625 0.07074652777777778
0 0.32275390625 0.04001193576388889 0.016845703125 0.02872721354166667
0 0.334716796875 0.11686197916666667 0.024993896484375 0.04562717013888889
0 0.319091796875 0.022189670138888888 0.01473236083984375 0.022705078125
0 0.318603515625 0.007520887586805556 0.01322174072265625 0.01433648003472222
0 0.77197265625 0.7356770833333334 0.12335205078125 0.2478298611111111
0 0.092041015625 0.7456597222222222 0.1517333984375 0.2725694444444444
0 0.29296875 0.010389539930555556 0.012969970703125 0.013366699218749998