0 0.3181145833333333 0.009000000000000001 0.014557291666666666 0.01800925925925926
0 0.3537604166666667 0.031842592592592596 0.01634375 0.027740740740740743
0 0.3376458333333333 0.00375 0.012192708333333333 0.007407407407407408
0 0.3244635416666667 0.03328703703703704 0.017640625 0.028046296296296295
0 0.24096875 0.15983333333333333 0.031739583333333335 0.05750925925925926
1 0.29199479166666664 0.13585185185185186 0.032713541666666665 0.06439814814814815
0 0.2924791666666666 0.039009259259259264 0.016723958333333334 0.027740740740740743
0 0.3376458333333333 0.11816666666666667 0.025328125 0.04424074074074074
0 0.3864739583333333 0.11187037037037037 0.0260625 0.04335185185185185
0 0.341796875 0.19812962962962963 0.031796874999999995 0.060055555555555556
0 0.31933854166666664 0.3474351851851852 0.04849479166666667 0.09852777777777777
0 0.4216302083333333 0.18250925925925926 0.03430208333333333 0.06060185185185185
0 0.3259270833333333 0.049694444444444444 0.015958333333333335 0.027203703703703702
0 0.26953125 0.5750833333333334 0.08416666666666667 0.1645
0 0.2944322916666666 0.06889814814814814 0.01890625 0.032712962962962965