0 0.5073229166666666 0.6215277777777778 0.07720833333333334 0.20399074074074075
0 0.475828125 0.41124074074074074 0.0533125 0.13910185185185184
0 0.8110364583333334 0.6467037037037038 0.11535416666666666 0.20898148148148146
0 0.240234375 0.14648148148148146 0.03136979166666667 0.056962962962962965
0 0.33984375 0.002351851851851852 0.012427083333333333 0.0044444444444444444
0 0.29175 0.213 0.038239583333333334 0.06271296296296297
0 0.292234375 0.006148148148148148 0.015078125 0.012129629629629629
0 0.33325 0.10237962962962963 0.023375 0.042916666666666665
0 0.3208020833333334 0.030657407407407408 0.017104166666666667 0.030194444444444444
0 0.3181145833333333 0.01038888888888889 0.014005208333333333 0.020694444444444446
0 0.1618645833333333 0.5759537037037037 0.10931249999999999 0.19541666666666668