0 0.3549791666666666 0.029055555555555553 0.017515625 0.026805555555555555
0 0.317140625 0.006435185185185185 0.012427083333333333 0.012416666666666666
0 0.5234375 0.8463518518518518 0.10320833333333333 0.2996944444444445
0 0.24108854166666666 0.15321296296296297 0.030625 0.059027777777777776
0 0.34277604166666664 0.009574074074074073 0.013125 0.01773148148148148
0 0.337890625 0.2166851851851852 0.033203125 0.0639074074074074
0 0.3244635416666667 0.031842592592592596 0.016161458333333333 0.027740740740740743
0 0.161375 0.6280370370370371 0.11615104166666666 0.1998703703703704
0 0.4809583333333334 0.4861111111111111 0.060640625000000004 0.1567962962962963
0 0.3239739583333333 0.060870370370370366 0.018723958333333336 0.030296296296296297
1 0.2924791666666666 0.028046296296296295 0.018796875 0.03375
0 0.33105729166666664 0.09130555555555556 0.021911458333333335 0.03784259259259259