0 0.7529322916666668 0.8029537037037038 0.1276875 0.2771296296296296
0 0.31933854166666664 0.025685185185185182 0.015302083333333332 0.02424074074074074
0 0.319578125 0.010074074074074076 0.013375 0.018212962962962966
0 0.477296875 0.42860185185185184 0.05603125 0.13877777777777778
0 0.3237291666666666 0.046685185185185184 0.017640625 0.030194444444444444
0 0.51171875 0.6575555555555556 0.08178645833333334 0.22265740740740741
0 0.24133333333333334 0.1499537037037037 0.031140624999999998 0.05663888888888889
0 0.2817395833333334 0.2747407407407408 0.04458854166666667 0.07536111111111111
0 0.3359375 0.12662962962962962 0.024885416666666667 0.04730555555555556
0 0.3439947916666667 0.006638888888888889 0.013953125 0.012907407407407407
0 0.06347916666666667 0.8551944444444445 0.126953125 0.28960185185185183
0 0.2934583333333334 0.013314814814814816 0.012338541666666668 0.013842592592592592