0 0.32153125 0.026194444444444444 0.015364583333333333 0.027111111111111114
0 0.3305677083333334 0.06271296296296297 0.019640625000000002 0.03233333333333333
0 0.45825 0.2988240740740741 0.044098958333333334 0.09082407407407407
0 0.3479010416666667 0.01836111111111111 0.015015625 0.02424074074074074
0 0.37207291666666664 0.07166666666666667 0.020291666666666666 0.03113888888888889
0 0.2944322916666666 0.11208333333333333 0.023026041666666667 0.03705555555555556
0 0.2924791666666666 0.06917592592592592 0.02009375 0.03113888888888889
1 0.28418229166666664 0.22049074074074074 0.04132291666666667 0.08946296296296297
0 0.343015625 0.22352777777777777 0.035062499999999996 0.06851851851851852
0 0.421875 0.18348148148148147 0.03500520833333333 0.05728703703703703
0 0.24133333333333334 0.15733333333333333 0.031083333333333334 0.05663888888888889
0 0.324953125 0.3760833333333333 0.0533125 0.10780555555555556
0 0.335203125 0.09162962962962963 0.018796875 0.03303703703703704
0 0.167234375 0.8836851851851851 0.14538541666666666 0.227