0 0.24072395833333332 0.15875 0.0313125 0.05663888888888889
1 0.2474375 0.360462962962963 0.0703125 0.14203703703703704
0 0.485109375 0.4583333333333333 0.057921875 0.14257407407407408
0 0.3933125 0.12012037037037036 0.024932291666666665 0.040768518518518516
0 0.336671875 0.10487037037037038 0.024338541666666665 0.03909259259259259
0 0.2932135416666667 0.1060648148148148 0.023026041666666667 0.03878703703703704
0 0.36035416666666664 0.04571296296296296 0.017854166666666667 0.029055555555555553
0 0.3254375 0.05240740740740741 0.018723958333333336 0.03100925925925926
0 0.34253125 0.15158333333333335 0.023286458333333333 0.04511111111111111
0 0.2924791666666666 0.17252777777777778 0.028932291666666665 0.04988888888888889
0 0.3225104166666667 0.43598148148148147 0.061765625000000005 0.12912037037037036
0 0.455078125 0.27299999999999996 0.04327604166666667 0.08274074074074074
0 0.314453125 0.006037037037037037 0.012479166666666668 0.012064814814814815
0 0.1848125 0.8732685185185185 0.15234375 0.24826851851851853