0 0.4455572916666667 0.24284259259259258 0.039796874999999995 0.06993518518518518
0 0.3344739583333334 0.09147222222222223 0.02271875 0.03643518518518519
0 0.3862291666666666 0.10351851851851851 0.023817708333333333 0.03726851851851852
1 0.2651354166666667 0.30576851851851855 0.058015625 0.11946296296296298
0 0.2924791666666666 0.09353703703703703 0.02323958333333333 0.03643518518518519
0 0.3552239583333333 0.03684259259259259 0.016588541666666668 0.027425925925925927
0 0.24072395833333332 0.15875 0.031739583333333335 0.05762037037037037
0 0.3129895833333334 0.003824074074074074 0.011598958333333333 0.007638888888888889
0 0.32421875 0.04451851851851852 0.018401041666666666 0.02962037037037037
0 0.2932135416666667 0.1510462962962963 0.026765625 0.046064814814814815
0 0.47778125 0.4016944444444444 0.05340625 0.12456481481481482
0 0.33984375 0.1309722222222222 0.021578125 0.03836111111111111
0 0.337890625 0.3485277777777778 0.047515625 0.10373148148148148
0 0.25879166666666664 0.6566851851851853 0.1015625 0.20442592592592593