0 0.317138671875 0.006564670138888889 0.013275146484375 0.01290554470486111
0 0.379638671875 0.09673394097222222 0.023773193359375 0.038492838541666664
0 0.293212890625 0.032416449652777776 0.015251159667968752 0.02762858072916667
0 0.349365234375 0.022705078125 0.015426635742187502 0.023966471354166668
0 0.335205078125 0.09830729166666667 0.02276611328125 0.039306640625
0 0.240966796875 0.1587456597222222 0.03131103515625 0.05664062499999999
0 0.3046875 0.4405381944444444 0.05975341796875 0.1218532986111111
0 0.3408203125 0.1677517361111111 0.0296478271484375 0.05620659722222222
0 0.29345703125 0.060872395833333336 0.017913818359375 0.02848307291666667
0 0.322509765625 0.024156358506944444 0.015541076660156252 0.024712456597222224
0 0.4111328125 0.15733506944444445 0.030731201171875 0.05300564236111111
1 0.29248046875 0.11859809027777778 0.029541015625 0.060872395833333336
0 0.3271484375 0.283203125 0.042236328125 0.07958984375
0 0.32421875 0.04115125868055555 0.0141754150390625 0.023328993055555556