0 0.5048828125 0.6063368055555556 0.07476806640625 0.20052083333333334
0 0.475830078125 0.4064670138888889 0.05389404296875 0.1333550347222222
0 0.2406005859375 0.14539930555555555 0.0313720703125 0.05783420138888888
0 0.293212890625 0.004625108506944444 0.01322174072265625 0.008924696180555556
0 0.320068359375 0.027737087673611112 0.016220092773437503 0.02658420138888889
0 0.332763671875 0.09391276041666667 0.0225372314453125 0.041558159722222224
0 0.83203125 0.6041666666666666 0.1134033203125 0.19270833333333334
0 0.152099609375 0.9149305555555556 0.1436767578125 0.1689453125
0 0.1917724609375 0.5043402777777778 0.09320068359375 0.1677517361111111
0 0.294189453125 0.19401041666666666 0.036346435546875 0.05870225694444444
0 0.31787109375 0.011990017361111112 0.0141754150390625 0.022352430555555556