0 0.3791510416666667 0.08962962962962963 0.022416666666666665 0.033666666666666664
0 0.24059895833333333 0.15875 0.03125 0.057185185185185186
0 0.34082291666666664 0.1758888888888889 0.03095833333333333 0.05319444444444445
0 0.4802239583333333 0.3849814814814815 0.05059895833333334 0.11414814814814815
0 0.29199479166666664 0.16395370370370368 0.03143229166666667 0.05143518518518518
0 0.426515625 0.19237962962962965 0.03469791666666667 0.053518518518518514
0 0.2770989583333333 0.27908333333333335 0.041776041666666666 0.07275
0 0.330078125 0.09201851851851851 0.022244791666666666 0.037703703703703705
0 0.3452135416666666 0.2595462962962963 0.030046874999999997 0.06798148148148149
0 0.3186041666666667 0.021592592592592594 0.015541666666666667 0.02578703703703704
0 0.49609375 0.8155370370370371 0.094484375 0.31162962962962965
1 0.08361979166666668 0.7656296296296297 0.16394270833333333 0.32422222222222224