1 0.2904635416666667 0.032962962962962965 0.026526041666666667 0.04329629629629629
0 0.33284895833333333 0.10730555555555556 0.029322916666666664 0.03950925925925926
0 0.325328125 0.06949074074074074 0.023536458333333333 0.03180555555555556
0 0.32691666666666663 0.04094444444444444 0.019572916666666666 0.025296296296296296
0 0.317515625 0.011055555555555555 0.014854166666666667 0.02212037037037037
0 0.3448541666666667 0.01337037037037037 0.01746354166666667 0.02675
0 0.359609375 0.036564814814814814 0.024989583333333332 0.03387037037037037
0 0.3354479166666666 0.2477685185185185 0.04531770833333334 0.0685925925925926
0 0.2424322916666667 0.15516666666666667 0.034640625 0.06237962962962963
0 0.48328645833333334 0.511462962962963 0.07016145833333334 0.17930555555555555
0 0.5323229166666666 0.8837407407407408 0.12135937499999999 0.23250925925925928
0 0.07838541666666667 0.845675925925926 0.15677083333333333 0.3086481481481481