0 0.24108854166666666 0.1590740740740741 0.031614583333333335 0.057185185185185186
0 0.29296875 0.1590740740740741 0.028166666666666666 0.04703703703703704
0 0.4787604166666667 0.42209259259259263 0.053984375 0.1309722222222222
1 0.2595208333333333 0.32725925925925925 0.06420833333333334 0.1270648148148148
0 0.4516614583333334 0.25434259259259256 0.04272395833333333 0.07796296296296297
0 0.3244635416666667 0.04712037037037037 0.018796875 0.030083333333333333
0 0.3354479166666666 0.09619444444444444 0.022677083333333334 0.03713888888888889
0 0.3139635416666666 0.0045462962962962965 0.011828125 0.009083333333333334
0 0.3415520833333333 0.1383425925925926 0.022536458333333335 0.042666666666666665
0 0.29296875 0.09814814814814815 0.023104166666666665 0.03648148148148148
0 0.3891614583333334 0.10959259259259259 0.024338541666666665 0.03849074074074074
0 0.357421875 0.04052777777777778 0.016723958333333334 0.027537037037037037
0 0.33203125 0.37825925925925924 0.051270833333333335 0.11187037037037037
0 0.23315625 0.744361111111111 0.11816666666666667 0.24783333333333335