0 0.338625 0.005592592592592593 0.012338541666666668 0.010888888888888889
0 0.4802239583333333 0.46049999999999996 0.05749479166666667 0.14757407407407408
0 0.317625 0.0033703703703703704 0.013328125 0.006462962962962964
0 0.3498541666666667 0.017324074074074075 0.016588541666666668 0.02700925925925926
0 0.24133333333333334 0.15234259259259259 0.031203124999999998 0.05772222222222222
0 0.3220208333333333 0.020694444444444446 0.01628125 0.028481481481481483
0 0.3278802083333333 0.07437962962962963 0.019942708333333333 0.03323148148148148
0 0.322265625 0.04613888888888889 0.017578125 0.029055555555555553
0 0.5180677083333334 0.7647592592592594 0.09368749999999999 0.2816851851851852
0 0.3381354166666667 0.17838888888888887 0.030442708333333336 0.05663888888888889
0 0.23132291666666666 0.44249074074074074 0.07610937499999999 0.12912037037037036
1 0.2924791666666666 0.019759259259259258 0.016723958333333334 0.031842592592592596