0 0.38940625 0.10644444444444444 0.025374999999999998 0.04315740740740741
0 0.4885260416666667 0.8585092592592594 0.09967187500000001 0.2743055555555556
0 0.24096875 0.15841666666666668 0.031083333333333334 0.05728703703703703
0 0.3374010416666666 0.11469444444444445 0.024520833333333332 0.041805555555555554
0 0.327390625 0.061092592592592594 0.0195 0.03265740740740741
1 0.2934583333333334 0.0847962962962963 0.025510416666666664 0.05143518518518518
0 0.31933854166666664 0.019675925925925927 0.012723958333333334 0.024333333333333335
0 0.293703125 0.04069444444444445 0.015776041666666667 0.027425925925925927
0 0.365234375 0.06537962962962963 0.020645833333333332 0.03125
0 0.3356927083333333 0.2677962962962963 0.038328125000000005 0.07085185185185185
0 0.3413072916666666 0.008074074074074076 0.012822916666666666 0.015981481481481482
0 0.31909375 0.008537037037037037 0.01296875 0.017083333333333332
0 0.3317864583333333 0.18446296296296297 0.033140625 0.05642592592592592
0 0.1838385416666667 0.8654537037037038 0.13659895833333333 0.25889814814814816
0 0.2934583333333334 0.02150925925925926 0.012822916666666666 0.019842592592592592