0 0.24096875 0.15841666666666668 0.03125 0.05728703703703703
0 0.293703125 0.03749074074074074 0.015604166666666667 0.02689814814814815
1 0.2934583333333334 0.08198148148148149 0.024885416666666667 0.04866666666666667
0 0.3266614583333334 0.056861111111111105 0.018583333333333334 0.03136111111111111
0 0.3403333333333334 0.006981481481481482 0.01296875 0.013731481481481482
0 0.21277083333333333 0.7907962962962962 0.11816666666666667 0.25325925925925924
0 0.3872083333333334 0.10166666666666667 0.024338541666666665 0.04069444444444445
0 0.336671875 0.10937962962962963 0.024 0.041638888888888885
0 0.36328125 0.061796296296296294 0.019270833333333334 0.030657407407407408
0 0.33715625 0.25325925925925924 0.03796354166666667 0.06787037037037037
0 0.3322760416666667 0.17621296296296296 0.03085416666666667 0.05496296296296296
0 0.4895 0.8480925925925926 0.09350520833333334 0.3027314814814815
0 0.3188489583333334 0.017796296296296296 0.013020833333333334 0.025296296296296296