0 0.24072395833333332 0.15875 0.03149479166666667 0.05762037037037037
0 0.34082291666666664 0.19 0.032776041666666665 0.05496296296296296
0 0.3308125 0.09976851851851852 0.023072916666666665 0.04047222222222222
0 0.3825677083333333 0.09722222222222222 0.023072916666666665 0.035805555555555556
0 0.43090625 0.20399074074074075 0.03500520833333333 0.05496296296296296
0 0.4838854166666666 0.4056018518518519 0.05233854166666666 0.12033333333333333
0 0.292234375 0.17556481481481484 0.03241145833333333 0.05462962962962963
0 0.3435052083333333 0.2847222222222222 0.033140625 0.07356481481481482
1 0.06375 0.8472222222222222 0.1275 0.3051203703703703
0 0.3005364583333333 0.009842592592592594 0.005 0.0145
0 0.319578125 0.025685185185185182 0.016463541666666668 0.027111111111111114
0 0.272703125 0.3029537037037037 0.046906250000000003 0.07769444444444444
0 0.492921875 0.863712962962963 0.104859375 0.2725740740740741