0 0.241453125 0.1576574074074074 0.031020833333333334 0.05805555555555556
1 0.29296875 0.054120370370370374 0.022416666666666665 0.04519444444444445
0 0.32153125 0.03113888888888889 0.016161458333333333 0.026805555555555555
0 0.35254166666666664 0.034666666666666665 0.016921875 0.026805555555555555
0 0.33691666666666664 0.16330555555555556 0.028276041666666665 0.04923148148148148
0 0.31543229166666664 0.007842592592592594 0.011197916666666667 0.015685185185185187
0 0.37011979166666664 0.067 0.021333333333333333 0.03285185185185185
0 0.3303229166666667 0.11306481481481481 0.02484375 0.04242592592592593
0 0.4895 0.6180555555555556 0.070921875 0.20681481481481484
0 0.3151875 0.39778703703703705 0.052828125000000004 0.11327777777777778
0 0.3308125 0.06955555555555556 0.02021875 0.033990740740740745
0 0.293703125 0.02462037037037037 0.014447916666666666 0.02135185185185185
0 0.2963854166666666 0.00800925925925926 0.010130208333333333 0.016027777777777776