0 0.3127447916666667 0.0026296296296296293 0.0116875 0.005259259259259259
0 0.24096875 0.15875 0.03125 0.05728703703703703
0 0.293703125 0.14051851851851851 0.026307291666666666 0.04443518518518519
0 0.2924791666666666 0.08718518518518519 0.021744791666666666 0.03518518518518519
0 0.33886979166666664 0.11968518518518517 0.020369791666666668 0.03719444444444445
0 0.3537604166666667 0.03100925925925926 0.015838541666666667 0.02489814814814815
0 0.3334947916666666 0.08306481481481481 0.021651041666666666 0.03697222222222222
1 0.2719739583333334 0.2823333333333333 0.0533125 0.111
0 0.3825677083333333 0.09564814814814815 0.022463541666666666 0.03425925925925926
0 0.323484375 0.038953703703703706 0.016984375 0.02962037037037037
0 0.2817395833333334 0.5646666666666667 0.08373958333333334 0.17133333333333334
0 0.340578125 0.3107685185185185 0.04311979166666667 0.09016666666666666
0 0.4401875 0.22743518518518518 0.03854166666666667 0.06711111111111112
0 0.4729010416666667 0.3708796296296296 0.050234375000000005 0.12435185185185187