0 0.241453125 0.15646296296296294 0.030916666666666665 0.05805555555555556
0 0.3278802083333333 0.09162962962962963 0.022765625 0.03925
0 0.33471875 0.13270370370370368 0.025270833333333336 0.04204629629629629
0 0.29161979166666663 0.012898148148148148 0.014953125000000001 0.021685185185185186
0 0.3200677083333333 0.01952777777777778 0.014005208333333333 0.023055555555555555
0 0.3278802083333333 0.05496296296296296 0.019166666666666665 0.030296296296296297
0 0.348875 0.025296296296296296 0.015489583333333333 0.023055555555555555
0 0.3635260416666667 0.05170370370370371 0.020171875 0.02937962962962963
0 0.4868177083333334 0.5546851851851852 0.067078125 0.1803425925925926
0 0.3308125 0.30924074074074076 0.04257291666666666 0.08718518518518519
0 0.5322291666666666 0.9461851851851851 0.1015625 0.1025925925925926
1 0.2932135416666667 0.044000000000000004 0.020369791666666668 0.04052777777777778
0 0.3149427083333334 0.004851851851851852 0.010244791666666668 0.009703703703703704