0 0.29263020833333336 0.02036111111111111 0.015239583333333334 0.021175925925925928
0 0.31933854166666664 0.007425925925925925 0.012479166666666668 0.01485185185185185
0 0.24096875 0.15841666666666668 0.031083333333333334 0.057074074074074076
0 0.4904791666666667 0.8532962962962962 0.09601041666666667 0.2849351851851852
0 0.293703125 0.03836111111111111 0.015427083333333334 0.029157407407407406
0 0.3410625 0.007638888888888889 0.013328125 0.015240740740740742
0 0.3884270833333333 0.10585185185185185 0.025374999999999998 0.04123148148148148
0 0.3649895833333333 0.06428703703703705 0.020765625 0.030759259259259257
0 0.3359375 0.26258333333333334 0.03775 0.06965740740740742
0 0.19433854166666667 0.8489629629629629 0.13159375 0.28037962962962965
1 0.2934583333333334 0.08371296296296296 0.025421875 0.05037037037037037
0 0.327390625 0.05924074074074074 0.019421874999999998 0.032907407407407406
0 0.3315416666666666 0.1818611111111111 0.03259375 0.055768518518518516
0 0.3364270833333334 0.11219444444444444 0.024520833333333332 0.04172222222222222
0 0.31909375 0.018583333333333334 0.012624999999999999 0.024333333333333335