0 0.2410888671875 0.15342881944444445 0.0305023193359375 0.057508680555555546
0 0.35302734375 0.024712456597222224 0.01751708984375 0.026082356770833332
0 0.337890625 0.20399305555555555 0.03228759765624999 0.06076388888888889
0 0.322998046875 0.05772569444444445 0.0185394287109375 0.031141493055555556
0 0.34130859375 0.008355034722222222 0.0119171142578125 0.016031901041666668
0 0.482666015625 0.4782986111111111 0.059326171875 0.1548394097222222
0 0.52099609375 0.83203125 0.100341796875 0.3166232638888889
0 0.317138671875 0.005381266276041667 0.012237548828125 0.010389539930555556
1 0.292236328125 0.025987413194444444 0.018157958984375 0.0322265625
0 0.323486328125 0.027859157986111112 0.016845703125 0.02848307291666667
0 0.18701171875 0.5672743055555556 0.10174560546875 0.17469618055555555
0 0.32958984375 0.0871853298611111 0.021484375 0.03439670138888889