0 0.317625 0.008351851851851852 0.014447916666666666 0.016537037037037038
0 0.3256822916666666 0.04866666666666667 0.015489583333333333 0.025
0 0.35254166666666664 0.02949074074074074 0.01628125 0.02599074074074074
0 0.2924791666666666 0.03749074074074074 0.016020833333333335 0.02762962962962963
0 0.3239739583333333 0.02984259259259259 0.01684375 0.027425925925925927
0 0.29394791666666664 0.06722222222222221 0.018541666666666668 0.030546296296296297
0 0.336671875 0.11393518518518518 0.025619791666666666 0.04342592592592592
0 0.24072395833333332 0.15961111111111112 0.031984374999999995 0.057833333333333334
0 0.3855 0.10839814814814815 0.026260416666666668 0.04172222222222222
0 0.4184583333333334 0.17653703703703702 0.03259375 0.057185185185185186
0 0.27734375 0.5438333333333334 0.07836979166666666 0.15158333333333335
0 0.33691666666666664 0.0033425925925925923 0.011869791666666666 0.006592592592592593
0 0.3198229166666666 0.3342037037037037 0.047421874999999995 0.09391666666666668
1 0.2912604166666667 0.13150925925925927 0.031984374999999995 0.06510185185185186
0 0.3410625 0.19 0.031083333333333334 0.058916666666666666