0 0.24072395833333332 0.15875 0.03143229166666667 0.057833333333333334
1 0.07610937499999999 0.8146666666666667 0.14953645833333334 0.35156481481481483
0 0.3303229166666667 0.09477777777777778 0.022536458333333335 0.038657407407407404
0 0.31909375 0.023777777777777776 0.015776041666666667 0.025879629629629627
0 0.34082291666666664 0.1812037037037037 0.03228645833333334 0.05311111111111111
0 0.34472916666666664 0.2703981481481481 0.031140624999999998 0.07031481481481482
0 0.275390625 0.2888425925925926 0.04428125 0.07536111111111111
0 0.481203125 0.39323148148148146 0.051453125 0.11816666666666667
0 0.4279791666666667 0.1970462962962963 0.034088541666666666 0.05229629629629629
0 0.29199479166666664 0.16742592592592592 0.031984374999999995 0.052703703703703704
0 0.4938958333333333 0.8359351851851852 0.09668229166666667 0.315537037037037
0 0.3806145833333333 0.09337037037037037 0.022109375 0.03425925925925926
0 0.3032239583333334 0.009537037037037038 0.006666666666666667 0.014388888888888889