0 0.24096875 0.1499537037037037 0.03149479166666667 0.05805555555555556
0 0.34472916666666664 0.007944444444444445 0.015015625 0.015425925925925926
0 0.319578125 0.028481481481481483 0.015604166666666667 0.02350925925925926
0 0.050458333333333334 0.8836851851851851 0.10092187500000001 0.22612962962962962
0 0.3361822916666667 0.13173148148148148 0.025270833333333336 0.04649074074074074
0 0.509765625 0.667537037037037 0.08209375000000001 0.22417592592592595
0 0.7436510416666666 0.8420185185185185 0.13000520833333334 0.29383333333333334
0 0.3239739583333333 0.049805555555555554 0.01815625 0.029944444444444447
0 0.3198229166666666 0.009574074074074073 0.0136875 0.018435185185185186
0 0.477296875 0.4305555555555556 0.05611979166666667 0.13932407407407407
0 0.2797864583333334 0.2875462962962963 0.047239583333333335 0.08002777777777778
0 0.29296875 0.016287037037037037 0.013739583333333333 0.011398148148148149