0 0.5073229166666666 0.6171851851851852 0.07684375 0.20258333333333334
0 0.2404791666666667 0.14572222222222223 0.03136979166666667 0.05772222222222222
0 0.1691875 0.5577222222222222 0.10504166666666667 0.18869444444444444
0 0.4765625 0.41059259259259256 0.05371354166666666 0.13758333333333334
0 0.317625 0.011944444444444445 0.013953125 0.023333333333333334
0 0.8173854166666668 0.6354166666666666 0.11419791666666666 0.20160185185185184
0 0.33325 0.09961111111111111 0.02372916666666667 0.04307407407407408
0 0.3205572916666667 0.02984259259259259 0.017104166666666667 0.029268518518518517
0 0.293703125 0.20757407407407408 0.038239583333333334 0.062333333333333324
0 0.2934583333333334 0.00575 0.013791666666666667 0.01100925925925926
0 0.3383802083333334 0.002472222222222222 0.012526041666666666 0.004518518518518518
0 0.13827604166666668 0.9624444444444445 0.12493229166666667 0.07510185185185185