0 0.3217760416666666 0.030194444444444444 0.015901041666666667 0.028370370370370372
0 0.3315416666666666 0.06900925925925926 0.02002083333333333 0.034722222222222224
0 0.464109375 0.3246574074074074 0.0468125 0.09798148148148147
0 0.29394791666666664 0.12141666666666666 0.024520833333333332 0.04155555555555556
0 0.2927239583333333 0.07551851851851853 0.02021875 0.03265740740740741
0 0.349609375 0.02209259259259259 0.014953125000000001 0.022351851851851852
0 0.24108854166666666 0.15928703703703703 0.0313125 0.05728703703703703
0 0.336671875 0.10107407407407407 0.019088541666666667 0.0344537037037037
0 0.3754895833333334 0.07975 0.021697916666666664 0.032768518518518516
0 0.34277604166666664 0.2504351851851852 0.037109375 0.07612037037037037
0 0.3146979166666667 0.42924999999999996 0.059328124999999995 0.12185185185185185
0 0.4282239583333334 0.19812962962962963 0.03476041666666666 0.05973148148148149
1 0.2814947916666667 0.24001851851851855 0.045015625000000004 0.09391666666666668