0 0.24108854166666666 0.15841666666666668 0.03125 0.056962962962962965
0 0.354734375 0.04047222222222222 0.018125 0.028370370370370372
0 0.337890625 0.18055555555555555 0.030671875 0.05289814814814815
0 0.3225104166666667 0.036000000000000004 0.017302083333333333 0.028370370370370372
0 0.4904791666666667 0.6614629629629629 0.07641666666666666 0.2250462962962963
0 0.3166510416666667 0.009805555555555555 0.01178125 0.019601851851851853
0 0.29394791666666664 0.02548148148148148 0.013635416666666667 0.02360185185185185
0 0.374265625 0.07470370370370372 0.021942708333333335 0.0330925925925926
0 0.3322760416666667 0.07823148148148147 0.020765625 0.03553703703703704
0 0.302734375 0.45746296296296296 0.063234375 0.13031481481481483
0 0.3308125 0.1272777777777778 0.026411458333333335 0.044592592592592586
1 0.2934583333333334 0.06076851851851851 0.023557291666666664 0.04519444444444445