0 0.24108854166666666 0.15875 0.03143229166666667 0.056101851851851854
0 0.339109375 0.13932407407407407 0.02655208333333333 0.04885185185185185
0 0.3723125 0.08121296296296296 0.022765625 0.03477777777777778
0 0.3239739583333333 0.3448333333333333 0.047088541666666664 0.09266666666666666
0 0.3308125 0.23155555555555557 0.037109375 0.06624074074074075
0 0.3315416666666666 0.07942592592592593 0.021208333333333333 0.036000000000000004
0 0.345703125 0.015018518518518518 0.013953125 0.02415740740740741
0 0.39965625 0.1331388888888889 0.028213541666666668 0.04519444444444445
0 0.29296875 0.026379629629629628 0.014333333333333333 0.022351851851851852
0 0.293703125 0.05064814814814815 0.01684375 0.027314814814814816
1 0.2927239583333333 0.10128703703703704 0.02773958333333333 0.05587962962962963
0 0.321046875 0.02360185185185185 0.01571875 0.03916666666666666
0 0.3146979166666667 0.004342592592592593 0.009744791666666667 0.008518518518518517
0 0.4880364583333333 0.9522592592592594 0.09076041666666666 0.09266666666666666