0 0.4184583333333334 0.17621296296296296 0.03476041666666666 0.05675
0 0.3464375 0.016027777777777776 0.014619791666666666 0.02451851851851852
0 0.3693854166666667 0.06760185185185186 0.020171875 0.03203703703703704
0 0.19250520833333334 0.832462962962963 0.133421875 0.27517592592592593
0 0.24096875 0.15875 0.031739583333333335 0.05728703703703703
1 0.28613541666666664 0.2111574074074074 0.040468750000000005 0.08783333333333333
0 0.3295885416666666 0.05826851851851852 0.018984375 0.03198148148148148
0 0.343015625 0.21083333333333332 0.034609375000000005 0.06439814814814815
0 0.321046875 0.024425925925925924 0.015489583333333333 0.02548148148148148
0 0.4545885416666666 0.2877592592592592 0.04257291666666666 0.08864814814814814
0 0.3278802083333333 0.35221296296296295 0.049776041666666666 0.10562962962962963
0 0.3344739583333334 0.08718518518518519 0.01864583333333333 0.03252777777777778
0 0.29199479166666664 0.06559259259259259 0.020140625000000002 0.030657407407407408
0 0.29394791666666664 0.10780555555555556 0.023557291666666664 0.04031481481481482