1 0.2905260416666666 0.16797222222222222 0.035890624999999995 0.07221296296296296
0 0.3200677083333333 0.014962962962962963 0.014786458333333334 0.025092592592592593
0 0.24096875 0.1582037037037037 0.031140624999999998 0.05815740740740741
0 0.292234375 0.051916666666666667 0.018432291666666666 0.027203703703703702
0 0.341796875 0.007972222222222223 0.012624999999999999 0.01590740740740741
0 0.361328125 0.049046296296296296 0.018432291666666666 0.027425925925925927
0 0.2946770833333333 0.08637037037037038 0.020723958333333334 0.033879629629629635
0 0.327390625 0.04342592592592592 0.018614583333333334 0.027537037037037037
0 0.401609375 0.14257407407407408 0.029921875 0.0472037037037037
0 0.340578125 0.15787962962962962 0.02958854166666667 0.05251851851851852
0 0.285890625 0.506074074074074 0.07409895833333334 0.14594444444444446
0 0.4379895833333334 0.2282962962962963 0.03860416666666667 0.07139814814814814
0 0.330078125 0.06635185185185184 0.016098958333333333 0.028944444444444446
0 0.3393541666666666 0.2595462962962963 0.0376875 0.07536111111111111
0 0.1501458333333333 0.9184074074074075 0.139890625 0.16135185185185183