0 0.4528802083333333 0.2795185185185185 0.04257291666666666 0.0881574074074074
0 0.321046875 0.023962962962962964 0.014671875000000001 0.025092592592592593
0 0.29199479166666664 0.06439814814814815 0.019713541666666667 0.030759259259259257
0 0.3459479166666667 0.0145 0.014114583333333335 0.023148148148148147
1 0.286375 0.20475 0.041776041666666666 0.08669444444444444
0 0.34277604166666664 0.20399074074074075 0.034546875 0.06293518518518518
0 0.3315416666666666 0.33875925925925926 0.04830729166666667 0.09976851851851852
0 0.20886458333333333 0.7747407407407407 0.121703125 0.2486944444444444
0 0.36840625 0.06597222222222222 0.019760416666666666 0.03125
0 0.2944322916666666 0.1050925925925926 0.023375 0.03805555555555556
0 0.3337395833333333 0.08512037037037037 0.017578125 0.02962037037037037
0 0.241453125 0.15733333333333333 0.03149479166666667 0.057074074074074076
0 0.32910416666666664 0.05620370370370371 0.018692708333333332 0.03125
0 0.4157708333333333 0.1716574074074074 0.03228645833333334 0.05444444444444444