0 0.24133333333333334 0.15787962962962962 0.03125 0.059027777777777776
1 0.2927239583333333 0.050944444444444445 0.02177604166666667 0.04275
0 0.321046875 0.02700925925925926 0.015078125 0.02462037037037037
0 0.3151875 0.006935185185185186 0.011161458333333334 0.013842592592592592
0 0.3295885416666666 0.0639074074074074 0.018723958333333336 0.03113888888888889
0 0.3513177083333333 0.03100925925925926 0.01684375 0.026805555555555555
0 0.3361822916666667 0.15234259259259259 0.027479166666666666 0.04738888888888889
0 0.3220208333333333 0.36588888888888893 0.0495 0.10411111111111111
0 0.328859375 0.10562962962962963 0.023770833333333335 0.038657407407407404
0 0.4880364583333333 0.59375 0.06952083333333332 0.19433333333333333
0 0.3676770833333334 0.060981481481481484 0.021817708333333335 0.03227777777777778