1 0.2318125 0.4003888888888889 0.080078125 0.15646296296296294
0 0.24096875 0.1590740740740741 0.03155729166666667 0.056962962962962965
0 0.3374010416666666 0.11534259259259258 0.02484375 0.040768518518518516
0 0.3630364583333333 0.05229629629629629 0.017854166666666667 0.03040740740740741
0 0.4870625 0.4995648148148148 0.061765625000000005 0.16135185185185183
0 0.3149427083333334 0.007879629629629629 0.012239583333333333 0.01561111111111111
0 0.29296875 0.11393518518518518 0.024932291666666665 0.04123148148148148
0 0.4609375 0.2912314814814815 0.04327604166666667 0.08686111111111111
0 0.3063958333333333 0.5138888888888888 0.07409895833333334 0.15266666666666667
0 0.3439947916666667 0.16536111111111113 0.024703125 0.049805555555555554
0 0.2912604166666667 0.1880462962962963 0.03136979166666667 0.05240740740740741
0 0.3989270833333334 0.13173148148148148 0.02685416666666667 0.041074074074074075
0 0.326171875 0.05837962962962963 0.019453125 0.03285185185185185
0 0.153078125 0.9713518518518518 0.10449479166666667 0.05728703703703703