0 0.2410888671875 0.1587456597222222 0.0312042236328125 0.057508680555555546
0 0.357666015625 0.04847547743055555 0.01953125 0.030544704861111112
0 0.33154296875 0.1420355902777778 0.0278472900390625 0.047200520833333336
0 0.293701171875 0.029161241319444444 0.014953613281250002 0.027208116319444448
0 0.37841796875 0.08289930555555555 0.0226287841796875 0.038275824652777776
0 0.33740234375 0.003399319118923611 0.01282501220703125 0.006564670138888889
1 0.29345703125 0.068359375 0.02386474609375 0.046142578125
0 0.324462890625 0.04383680555555555 0.0184326171875 0.029378255208333336
0 0.33837890625 0.2033420138888889 0.03283691406249999 0.05881076388888888
0 0.492919921875 0.7265625 0.0830078125 0.2601996527777778
0 0.333984375 0.08751085069444445 0.0219879150390625 0.03976779513888889
0 0.317626953125 0.011447482638888888 0.0129241943359375 0.022705078125
0 0.281005859375 0.5486111111111112 0.07684326171875 0.15733506944444445
0 0.296875 0.008293999565972222 0.0089874267578125 0.015787760416666668