0 0.3200677083333333 0.016157407407407405 0.015078125 0.025879629629629627
0 0.362546875 0.050944444444444445 0.01864583333333333 0.028944444444444446
0 0.24072395833333332 0.1582037037037037 0.03125 0.059027777777777776
0 0.3276354166666666 0.04598148148148148 0.019119791666666667 0.030296296296296297
0 0.4399427083333334 0.23524074074074075 0.038968749999999996 0.07329629629629629
0 0.34082291666666664 0.16362962962962962 0.0305625 0.05536111111111111
0 0.292234375 0.05371296296296296 0.018338541666666666 0.02786111111111111
1 0.289796875 0.17317592592592593 0.036348958333333334 0.0763888888888889
0 0.2946770833333333 0.08913888888888888 0.021010416666666667 0.03407407407407407
0 0.3422864583333334 0.009101851851851852 0.013375 0.017796296296296296
0 0.338625 0.2703981481481481 0.039125 0.07796296296296297
0 0.3305677083333334 0.07047222222222223 0.01621875 0.027111111111111114
0 0.2790520833333333 0.5334166666666667 0.07922395833333334 0.15592592592592594
0 0.4035625 0.14539814814814814 0.031140624999999998 0.05064814814814815