0 0.323484375 0.04085185185185185 0.016984375 0.02984259259259259
0 0.24096875 0.15875 0.03155729166666667 0.05772222222222222
0 0.44043229166666664 0.23047222222222222 0.03860416666666667 0.06760185185185186
0 0.3334947916666666 0.08512037037037037 0.021651041666666666 0.035805555555555556
0 0.35425 0.03209259259259259 0.015130208333333334 0.02599074074074074
0 0.293703125 0.14333333333333334 0.026151041666666666 0.04492592592592593
0 0.383546875 0.0974351851851852 0.023375 0.03439814814814815
0 0.33886979166666664 0.12207407407407407 0.020338541666666664 0.03754629629629629
1 0.27075 0.2877592592592592 0.053494791666666666 0.11219444444444444
0 0.2927239583333333 0.08913888888888888 0.02203125 0.034916666666666665
0 0.2790520833333333 0.5820277777777778 0.08770833333333333 0.17524074074074072
0 0.3129895833333334 0.0029537037037037036 0.0116875 0.005907407407407407
0 0.4768072916666667 0.38042592592592595 0.05032291666666667 0.12456481481481482
0 0.33886979166666664 0.3164074074074074 0.04311979166666667 0.09217592592592593