0 0.3186041666666667 0.010777777777777778 0.014333333333333333 0.021555555555555557
0 0.32519791666666664 0.03553703703703704 0.017989583333333333 0.027425925925925927
0 0.24059895833333333 0.15841666666666668 0.03155729166666667 0.05772222222222222
0 0.327390625 0.05555555555555555 0.015604166666666667 0.028370370370370372
0 0.339109375 0.13249074074074074 0.026151041666666666 0.04657407407407407
0 0.356203125 0.03813888888888889 0.01678645833333333 0.027111111111111114
0 0.2944322916666666 0.07579629629629629 0.019348958333333333 0.03233333333333333
0 0.39184375 0.12228703703703703 0.02645833333333333 0.043916666666666666
0 0.3415520833333333 0.21896296296296294 0.033963541666666666 0.06559259259259259
1 0.291015625 0.14648148148148146 0.033479166666666664 0.06836111111111111
0 0.2924791666666666 0.043759259259259255 0.01718229166666667 0.026694444444444444
0 0.3098125 0.3962685185185185 0.055421874999999995 0.11327777777777778
0 0.338625 0.005194444444444445 0.012380208333333333 0.010222222222222221
0 0.23388541666666668 0.6922777777777778 0.10430729166666668 0.20681481481481484
0 0.42676041666666664 0.19737037037037036 0.03515625 0.06119444444444445