0 0.3203125 0.01952777777777778 0.014734375 0.025879629629629627
0 0.29199479166666664 0.05750925925925926 0.018875 0.02984259259259259
0 0.34375 0.010472222222222223 0.013536458333333333 0.02062037037037037
0 0.408203125 0.1576574074074074 0.03155729166666667 0.05162037037037037
0 0.3649895833333333 0.05663888888888889 0.018692708333333332 0.029944444444444447
0 0.2946770833333333 0.09526851851851852 0.02108854166666667 0.03572222222222222
0 0.3283697916666667 0.049805555555555554 0.0189375 0.03125
1 0.2888177083333333 0.1860925925925926 0.03775 0.08002777777777778
0 0.33203125 0.07769444444444444 0.016401041666666664 0.027314814814814816
0 0.255859375 0.6158888888888888 0.09332291666666667 0.18478703703703703
0 0.24072395833333332 0.15841666666666668 0.031677083333333335 0.05772222222222222
0 0.4448229166666666 0.25325925925925924 0.040526041666666665 0.0791574074074074
0 0.3420416666666667 0.18000925925925926 0.031796874999999995 0.05826851851851852
0 0.3356927083333333 0.29774074074074075 0.04083333333333334 0.08094444444444444