0 0.293703125 0.03477777777777778 0.014901041666666667 0.026083333333333333
0 0.3610833333333333 0.056101851851851854 0.019640625000000002 0.030296296296296297
0 0.3178697916666666 0.013574074074074073 0.0136875 0.026583333333333334
0 0.3830572916666667 0.09424074074074074 0.023864583333333335 0.03849074074074074
0 0.4877916666666666 0.7977407407407406 0.08770833333333333 0.30468518518518517
0 0.24108854166666666 0.1590740740740741 0.031140624999999998 0.057833333333333334
0 0.33886979166666664 0.005592592592592593 0.012380208333333333 0.011055555555555555
0 0.3376458333333333 0.23047222222222222 0.034088541666666666 0.06428703703703705
0 0.3354479166666666 0.09944444444444445 0.023104166666666665 0.040231481481481486
1 0.2932135416666667 0.07536111111111111 0.025130208333333334 0.04858333333333333
0 0.33203125 0.16135185185185183 0.029083333333333336 0.04961111111111111
0 0.246703125 0.6714444444444444 0.09668229166666667 0.19878703703703704
0 0.326171875 0.05170370370370371 0.018583333333333334 0.030296296296296297
0 0.2924791666666666 0.014787037037037038 0.010697916666666666 0.017592592592592594