0 0.463625 0.3205277777777778 0.047088541666666664 0.09619444444444444
0 0.3315416666666666 0.06813888888888889 0.02025 0.0342037037037037
0 0.3747552083333333 0.07899074074074074 0.021744791666666666 0.03314814814814815
0 0.2924791666666666 0.07508333333333334 0.020645833333333332 0.032601851851851854
0 0.3217760416666666 0.029944444444444447 0.015604166666666667 0.02815740740740741
0 0.24072395833333332 0.15983333333333333 0.03216666666666666 0.057944444444444444
0 0.4279791666666667 0.19607407407407407 0.036562500000000005 0.06223148148148148
0 0.343015625 0.24609259259259256 0.037203125000000004 0.07498148148148148
0 0.3168958333333334 0.41775 0.05834895833333333 0.12228703703703703
0 0.29394791666666664 0.11989814814814816 0.02484375 0.041962962962962966
0 0.3493645833333333 0.022185185185185186 0.014953125000000001 0.022796296296296297
0 0.3364270833333334 0.10014814814814814 0.019197916666666665 0.033879629629629635
1 0.2810052083333333 0.23437962962962963 0.045869791666666666 0.09597222222222222