0 0.24133333333333334 0.15288888888888888 0.031020833333333334 0.05935185185185184
0 0.3559583333333334 0.03265740740740741 0.018432291666666666 0.026490740740740742
0 0.32421875 0.06488888888888888 0.019640625000000002 0.032962962962962965
0 0.317625 0.00775925925925926 0.013791666666666667 0.015314814814814814
0 0.3435052083333333 0.010712962962962964 0.014114583333333335 0.021027777777777777
0 0.3244635416666667 0.03439814814814815 0.016984375 0.029268518518518517
0 0.133421875 0.7009537037037037 0.13366666666666666 0.2311203703703704
0 0.5244166666666666 0.8580740740740741 0.1066875 0.28125
0 0.4821770833333333 0.4930555555555556 0.06042708333333333 0.1582037037037037
0 0.3315416666666666 0.09705555555555555 0.02177604166666667 0.03827777777777778
1 0.2924791666666666 0.02937962962962963 0.019166666666666665 0.033611111111111105
0 0.3376458333333333 0.227 0.034026041666666666 0.067