0 0.2404791666666667 0.15875 0.031796874999999995 0.057074074074074076
1 0.12463541666666668 0.667537037037037 0.14221354166666667 0.2708333333333333
0 0.3178697916666666 0.018212962962962966 0.014953125000000001 0.024805555555555556
0 0.375734375 0.08198148148148149 0.020645833333333332 0.03328703703703704
0 0.283203125 0.25825000000000004 0.040255208333333334 0.0687962962962963
0 0.2927239583333333 0.1542962962962963 0.029083333333333336 0.05056481481481481
0 0.477296875 0.3650185185185185 0.049588541666666666 0.10921296296296297
0 0.3400885416666667 0.16243518518518518 0.030046874999999997 0.05064814814814815
0 0.4204114583333334 0.1796851851851852 0.03234895833333333 0.05045370370370371
0 0.3012708333333334 0.0064907407407407405 0.00528125 0.010185185185185186
0 0.3461927083333334 0.2397962962962963 0.029755208333333335 0.06488888888888888
0 0.32910416666666664 0.08496296296296296 0.02177604166666667 0.036620370370370366
0 0.49609375 0.7313333333333334 0.08679166666666666 0.26584259259259263
0 0.17236458333333332 0.9713518518518518 0.10931249999999999 0.05444444444444444