0 0.24133333333333334 0.15787962962962962 0.031020833333333334 0.05762037037037037
0 0.293703125 0.025583333333333333 0.013901041666666667 0.024712962962962964
0 0.375 0.07525 0.022203125 0.033611111111111105
0 0.3322760416666667 0.07975 0.021239583333333333 0.036787037037037035
0 0.3166510416666667 0.009870370370370371 0.011375 0.01952777777777778
0 0.3383802083333334 0.18348148148148147 0.031083333333333334 0.05444444444444444
0 0.3308125 0.13010185185185183 0.02645833333333333 0.04613888888888889
0 0.3005364583333333 0.46875 0.06634374999999999 0.13291666666666668
0 0.49096875 0.6697037037037037 0.07629166666666666 0.2309074074074074
0 0.35546875 0.04204629629629629 0.018234375 0.028046296296296295
0 0.323 0.03719444444444445 0.017104166666666667 0.02700925925925926
1 0.2932135416666667 0.061796296296296294 0.02323958333333333 0.04554629629629629