0 0.24096875 0.1590740740740741 0.031140624999999998 0.057074074074074076
0 0.3151875 0.008888888888888889 0.012770833333333334 0.017453703703703704
0 0.337890625 0.12012037037037036 0.024703125 0.04234259259259259
0 0.3647447916666666 0.05675 0.018828124999999998 0.03040740740740741
1 0.22472916666666667 0.4236111111111111 0.08447395833333333 0.16503703703703704
0 0.2907708333333333 0.19400925925925927 0.031739583333333335 0.05525925925925926
0 0.48926041666666664 0.5217037037037038 0.06371875 0.1701388888888889
0 0.29296875 0.11837962962962963 0.024703125 0.04147222222222222
0 0.401125 0.13725925925925928 0.027692708333333333 0.042833333333333334
0 0.29565625 0.5603333333333333 0.08178645833333334 0.16916666666666666
0 0.3264166666666667 0.061796296296296294 0.019609375 0.03337037037037037
0 0.3442395833333334 0.17317592592592593 0.024520833333333332 0.050944444444444445
0 0.4631354166666667 0.30035185185185187 0.04477083333333333 0.0881574074074074