0 0.24072395833333332 0.15841666666666668 0.03136979166666667 0.057944444444444444
0 0.30078125 0.009000000000000001 0.005302083333333333 0.014611111111111111
0 0.3305677083333334 0.09798148148148147 0.022890625 0.04014814814814815
0 0.307375 0.011648148148148149 0.013588541666666667 0.023287037037037037
0 0.34082291666666664 0.18738888888888888 0.032468750000000005 0.05444444444444444
0 0.3278802083333333 0.005814814814814815 0.004328125 0.009916666666666667
0 0.34375 0.27929629629629626 0.031921875 0.07221296296296296
0 0.382078125 0.09597222222222222 0.022583333333333334 0.036000000000000004
0 0.31933854166666664 0.025092592592592593 0.015958333333333335 0.026583333333333334
0 0.2924791666666666 0.17339814814814816 0.032468750000000005 0.05251851851851852
0 0.4296875 0.20225925925925925 0.03476041666666666 0.05371296296296296
0 0.274171875 0.2981759259259259 0.04525520833333333 0.07725925925925926
0 0.4829114583333334 0.40125925925925926 0.052520833333333336 0.11989814814814816
0 0.498046875 0.849824074074074 0.102296875 0.29253703703703704
1 0.06854166666666667 0.8342037037037038 0.13659895833333333 0.3222685185185185