1 0.27465625 0.2714814814814815 0.05071875 0.10780555555555556
0 0.380859375 0.09065740740740741 0.022979166666666665 0.033611111111111105
0 0.35278125 0.02815740740740741 0.015838541666666667 0.024805555555555556
0 0.323 0.03713888888888889 0.01628125 0.02786111111111111
0 0.293703125 0.1350925925925926 0.025130208333333334 0.04218518518518519
0 0.3122552083333333 0.0025555555555555553 0.010208333333333335 0.005101851851851851
0 0.43652604166666664 0.21950925925925927 0.03796354166666667 0.06548148148148147
0 0.3413072916666666 0.29318518518518516 0.04077083333333333 0.08512037037037037
0 0.473390625 0.36024074074074075 0.049041666666666664 0.11078703703703704
0 0.3383802083333334 0.1149074074074074 0.020796875 0.03607407407407408
0 0.2924791666666666 0.08382407407407408 0.02128645833333333 0.035398148148148144
0 0.29394791666666664 0.5243055555555556 0.077390625 0.15180555555555555
0 0.24072395833333332 0.15875 0.03143229166666667 0.05728703703703703
0 0.332765625 0.07872222222222222 0.020567708333333334 0.0344537037037037