1 0.24011458333333333 0.38346296296296295 0.07433854166666666 0.14833333333333332
0 0.24096875 0.15841666666666668 0.0313125 0.057185185185185186
0 0.3146979166666667 0.006898148148148148 0.012624999999999999 0.013796296296296296
0 0.3620625 0.04931481481481481 0.018187500000000002 0.02949074074074074
0 0.45825 0.28103703703703703 0.04193229166666667 0.08246296296296296
0 0.3374010416666666 0.11018518518518519 0.025328125 0.04031481481481482
0 0.3146979166666667 0.471787037037037 0.06658854166666667 0.1360648148148148
0 0.4858385416666666 0.4761296296296297 0.05996875 0.15288888888888888
0 0.34375 0.15928703703703703 0.024140625000000002 0.04424074074074074
0 0.2932135416666667 0.11002777777777778 0.024520833333333332 0.03938888888888889
0 0.29175 0.1796851851851852 0.029708333333333333 0.05132407407407407
0 0.3962395833333333 0.12543518518518518 0.025755208333333335 0.04085185185185185
0 0.3259270833333333 0.05642592592592592 0.019119791666666667 0.03198148148148148
0 0.1691875 0.9197314814814814 0.13818229166666668 0.16053703703703703