0 0.24072395833333332 0.15841666666666668 0.0313125 0.05762037037037037
0 0.3305677083333334 0.09581481481481482 0.022796875 0.03976851851851852
0 0.275390625 0.2916666666666667 0.04434375 0.07622222222222222
0 0.34082291666666664 0.18413888888888888 0.03241145833333333 0.05496296296296296
0 0.3442395833333334 0.27517592592592593 0.031677083333333335 0.07194444444444445
0 0.3811041666666667 0.09439814814814815 0.022109375 0.03526851851851852
1 0.07202083333333334 0.8246574074074075 0.14404166666666668 0.3389722222222222
0 0.29175 0.1701388888888889 0.03234895833333333 0.05311111111111111
0 0.42871354166666664 0.1991111111111111 0.033963541666666666 0.05382407407407408
0 0.31933854166666664 0.023694444444444445 0.015838541666666667 0.026379629629629628
0 0.4819322916666666 0.3969166666666667 0.05108854166666667 0.1188148148148148