0 0.3151875 0.006425925925925926 0.01078125 0.012842592592592591
1 0.2927239583333333 0.04847222222222222 0.021119791666666665 0.04416666666666667
0 0.32934375 0.06223148148148148 0.019119791666666667 0.03198148148148148
0 0.3359375 0.1467037037037037 0.026354166666666668 0.04758333333333333
0 0.321046875 0.025583333333333333 0.01571875 0.024805555555555556
0 0.3286145833333334 0.1025925925925926 0.024046875000000002 0.03857407407407407
0 0.487546875 0.5833333333333334 0.06866666666666667 0.19237962962962965
0 0.3666979166666666 0.05859259259259259 0.02069270833333333 0.03160185185185185
0 0.35034375 0.02984259259259259 0.017104166666666667 0.02578703703703704
0 0.3227552083333334 0.35156481481481483 0.047609374999999995 0.09923148148148149
0 0.24133333333333334 0.15700925925925927 0.0305625 0.05772222222222222
0 0.29590104166666664 0.008981481481481481 0.012145833333333333 0.017962962962962962