0 0.24059895833333333 0.14539814814814814 0.031203124999999998 0.057833333333333334
0 0.29296875 0.004398148148148148 0.013536458333333333 0.00862037037037037
0 0.3325208333333334 0.09201851851851851 0.022765625 0.040768518518518516
0 0.1584479166666667 0.900175925925926 0.14953645833333334 0.19943518518518516
0 0.5053697916666666 0.6037314814814815 0.0755625 0.1998703703703704
0 0.19763020833333333 0.4887129629629629 0.089109375 0.16048148148148147
0 0.8383802083333334 0.5941851851851853 0.11126562499999999 0.1880462962962963
0 0.3200677083333333 0.026805555555555555 0.015776041666666667 0.026083333333333333
0 0.478515625 0.40408333333333335 0.05319270833333333 0.13291666666666668
0 0.3178697916666666 0.013111111111111112 0.013479166666666665 0.020537037037037038
0 0.2941875 0.18966666666666668 0.03521875 0.05739814814814815