0 0.4228515625 0.1851128472222222 0.03332519531249999 0.050944010416666664
0 0.377197265625 0.08512369791666667 0.021331787109375 0.03366427951388889
0 0.2406005859375 0.1587456597222222 0.03155517578125 0.05707465277777777
0 0.34033203125 0.16796875 0.0300445556640625 0.049967447916666664
0 0.29248046875 0.15787760416666666 0.0303802490234375 0.050374348958333336
1 0.10650634765625 0.7120342496722804 0.154052734375 0.3068809993445608
0 0.3291015625 0.08734809027777778 0.0222930908203125 0.036566840277777776
0 0.47900390625 0.3723958333333333 0.049774169921875 0.11241319444444445
0 0.345947265625 0.24717881944444445 0.0297088623046875 0.06722005208333333
0 0.318115234375 0.019232855902777776 0.015304565429687502 0.024997287326388888
0 0.279541015625 0.2662760416666667 0.0413818359375 0.06944444444444445
0 0.49658203125 0.7643229166666666 0.089599609375 0.2821180555555556
0 0.2998046875 0.006049262152777778 0.0050811767578125 0.010348849826388888
0 0.30859375 0.009385850694444444 0.015075683593750002 0.018296983506944444