0 0.2413330078125 0.1528862847222222 0.0310211181640625 0.059516059027777776
0 0.3564453125 0.032470703125 0.0182342529296875 0.027208116319444448
0 0.34375 0.011182996961805556 0.0139007568359375 0.021348741319444444
0 0.3173828125 0.008192274305555556 0.01358795166015625 0.015909830729166668
0 0.324951171875 0.06646050347222222 0.0202484130859375 0.03407118055555555
0 0.5244140625 0.8611111111111112 0.1083984375 0.2725694444444444
0 0.32470703125 0.03526475694444445 0.0171051025390625 0.02948676215277778
0 0.48291015625 0.4969618055555556 0.0615234375 0.1615668402777778
0 0.123046875 0.73046875 0.14013671875 0.2437065972222222
0 0.33154296875 0.09944661458333333 0.0225830078125 0.038140190972222224
0 0.3359375 0.232421875 0.035675048828125 0.0686306423611111
1 0.29248046875 0.030653211805555556 0.0185394287109375 0.03285047743055555