0 0.7963854166666666 0.6840277777777778 0.11797916666666668 0.2250462962962963
0 0.2404791666666667 0.14757407407407408 0.031203124999999998 0.05805555555555556
0 0.4763177083333333 0.4160185185185185 0.054901041666666664 0.13953703703703701
0 0.5078125 0.6284722222222222 0.07891666666666668 0.2086574074074074
0 0.13561979166666666 0.6388888888888888 0.12488020833333334 0.22265740740740741
0 0.289796875 0.23003703703703704 0.039947916666666666 0.06624074074074075
0 0.3334947916666666 0.1086111111111111 0.024567708333333334 0.042916666666666665
0 0.3178697916666666 0.008694444444444446 0.013427083333333334 0.01737962962962963
0 0.321046875 0.035398148148148144 0.017244791666666665 0.02815740740740741
0 0.293703125 0.007435185185185184 0.012921875 0.012814814814814815
0 0.341796875 0.003203703703703704 0.014229166666666666 0.006333333333333333