0 0.24096875 0.15841666666666668 0.031614583333333335 0.05728703703703703
0 0.3442395833333334 0.01175925925925926 0.014557291666666666 0.022796296296296297
0 0.396484375 0.12456481481481482 0.026703125 0.04554629629629629
0 0.3305677083333334 0.0738425925925926 0.02021875 0.03512962962962963
0 0.2932135416666667 0.04511111111111111 0.017302083333333333 0.030296296296296297
0 0.33886979166666664 0.1309722222222222 0.026260416666666668 0.04774074074074074
0 0.369875 0.07622222222222222 0.021989583333333333 0.03518518518518519
0 0.32910416666666664 0.31575925925925924 0.04336458333333334 0.08701851851851852
0 0.3315416666666666 0.21506481481481482 0.034026041666666666 0.06380555555555555
0 0.29296875 0.02548148148148148 0.014390624999999999 0.021425925925925928
0 0.48340104166666664 0.9208148148148149 0.12658854166666667 0.15837037037037036
0 0.3205572916666667 0.012555555555555556 0.013635416666666667 0.024064814814814813
1 0.2932135416666667 0.09597222222222222 0.027588541666666667 0.05485185185185185
0 0.321046875 0.027111111111111114 0.01296875 0.025