0 0.241453125 0.15234259259259259 0.03155729166666667 0.05805555555555556
0 0.47925 0.4531296296296296 0.05728125 0.14410185185185184
0 0.34863541666666664 0.0145 0.016098958333333333 0.024805555555555556
1 0.2927239583333333 0.017879629629629627 0.016161458333333333 0.027425925925925927
0 0.321046875 0.041805555555555554 0.017041666666666667 0.029157407407407406
0 0.3376458333333333 0.16503703703703704 0.03085416666666667 0.05360185185185185
0 0.32690625 0.06760185185185186 0.019640625000000002 0.03531481481481481
0 0.3225104166666667 0.01800925925925926 0.014953125000000001 0.02599074074074074
0 0.24853645833333332 0.3958333333333333 0.066953125 0.11262962962962964
0 0.517578125 0.7400185185185185 0.08758333333333333 0.26714814814814813
0 0.6987291666666666 0.9696203703703704 0.09417708333333333 0.05728703703703703