0 0.4763177083333333 0.4166666666666667 0.054901041666666664 0.1402962962962963
0 0.5087916666666666 0.63325 0.07934375 0.2105
0 0.7880885416666668 0.69575 0.12023958333333334 0.22895370370370371
0 0.24059895833333333 0.14778703703703705 0.031140624999999998 0.05837962962962963
0 0.293703125 0.008101851851851851 0.013479166666666665 0.013111111111111112
0 0.3415520833333333 0.003703703703703704 0.0140625 0.0073518518518518525
0 0.3178697916666666 0.009953703703703704 0.013635416666666667 0.019675925925925927
0 0.2888177083333333 0.23567592592592593 0.040468750000000005 0.06646296296296296
0 0.32153125 0.036620370370370366 0.016526041666666668 0.027944444444444445
0 0.12548958333333332 0.6640648148148148 0.12915104166666666 0.23350925925925925
0 0.3344739583333334 0.11078703703703704 0.024614583333333332 0.041805555555555554
0 0.31909375 0.021592592592592594 0.0140625 0.021592592592592594