0 0.24096875 0.1582037037037037 0.03125 0.057833333333333334
0 0.293703125 0.028481481481481483 0.014390624999999999 0.025583333333333333
0 0.33886979166666664 0.1970462962962963 0.03222395833333333 0.05837962962962963
0 0.3771979166666667 0.08062037037037037 0.02271875 0.0354537037037037
0 0.33325 0.08414814814814814 0.021364583333333336 0.03762037037037037
0 0.490234375 0.7031296296296297 0.07965104166666667 0.24739814814814814
0 0.331296875 0.13758333333333334 0.027067708333333333 0.04511111111111111
0 0.323484375 0.042833333333333334 0.017989583333333333 0.029055555555555553
0 0.3569322916666666 0.046768518518518515 0.018541666666666668 0.030194444444444444
0 0.28784375 0.5186666666666666 0.07238541666666666 0.14702777777777776
1 0.2934583333333334 0.0661388888888889 0.024 0.046685185185185184
0 0.2966302083333333 0.01149074074074074 0.005958333333333333 0.017944444444444443
0 0.317140625 0.011092592592592593 0.012192708333333333 0.021935185185185186