0 0.3515625 0.02489814814814815 0.015192708333333334 0.02415740740740741
0 0.2927239583333333 0.07942592592592593 0.019864583333333335 0.033796296296296297
0 0.24096875 0.15961111111111112 0.031859375 0.057833333333333334
0 0.3776875 0.08555555555555557 0.022291666666666664 0.03265740740740741
0 0.3225104166666667 0.03407407407407407 0.015958333333333335 0.02826851851851852
0 0.33203125 0.074 0.019713541666666667 0.03439814814814815
0 0.34253125 0.27104629629629634 0.038968749999999996 0.08137962962962964
0 0.432375 0.20833333333333334 0.037598958333333335 0.06293518518518518
0 0.4672864583333334 0.3431018518518519 0.04830729166666667 0.10449074074074073
0 0.29394791666666664 0.1284722222222222 0.024567708333333334 0.04212962962962963
0 0.3063958333333333 0.4735277777777778 0.06866666666666667 0.13411111111111113
1 0.2775885416666667 0.255212962962963 0.049041666666666664 0.10090740740740742
0 0.33715625 0.10839814814814815 0.01953125 0.033935185185185186
0 0.3122552083333333 0.0024629629629629632 0.010901041666666667 0.0049259259259259265