0 0.2413330078125 0.1584201388888889 0.0312042236328125 0.05696614583333333
0 0.318359375 0.01513671875 0.0136871337890625 0.028374565972222227
0 0.38671875 0.10015190972222222 0.024993896484375 0.04123263888888889
0 0.29345703125 0.03634982638888889 0.015365600585937502 0.027737087673611115
0 0.36279296875 0.060601128472222224 0.019561767578125 0.030409071180555556
0 0.2215576171875 0.7634548611111112 0.11376953125 0.24131944444444445
0 0.34033203125 0.006364610460069444 0.0125732421875 0.012613932291666664
0 0.32666015625 0.05555555555555555 0.0186920166015625 0.031494140625
0 0.4912109375 0.8385416666666666 0.09368896484375 0.310546875
1 0.293212890625 0.0803493923611111 0.0255126953125 0.049614800347222224
0 0.336669921875 0.10801866319444445 0.02423095703125 0.041069878472222224
0 0.337158203125 0.2482638888888889 0.03753662109375 0.06797960069444445