0 0.319578125 0.013842592592592592 0.014786458333333334 0.025203703703703704
0 0.340578125 0.007231481481481481 0.012427083333333333 0.01423148148148148
0 0.292234375 0.05015740740740741 0.018510416666666665 0.027740740740740743
0 0.24059895833333333 0.1582037037037037 0.0313125 0.05826851851851852
0 0.32715104166666664 0.04212962962962963 0.018796875 0.028370370370370372
1 0.2905260416666666 0.16308333333333333 0.03548958333333333 0.07194444444444445
0 0.3403333333333334 0.15288888888888888 0.028869791666666665 0.053009259259259256
0 0.3989270833333334 0.1380185185185185 0.029203125 0.04712037037037037
0 0.36035416666666664 0.046768518518518515 0.018541666666666668 0.02786111111111111
0 0.4357916666666667 0.22243518518518518 0.037046875 0.06900925925925926
0 0.2915052083333334 0.4778611111111111 0.06927604166666666 0.13780555555555557
0 0.2944322916666666 0.08463888888888889 0.02069270833333333 0.03477777777777778
0 0.33984375 0.2517407407407407 0.03753645833333333 0.0725925925925926
0 0.3298333333333333 0.06488888888888888 0.015541666666666667 0.027314814814814816
0 0.16320833333333334 0.8819444444444444 0.14684895833333333 0.22125