1 0.21337890625 0.4487847222222222 0.089111328125 0.17469618055555555
0 0.3154296875 0.009758843315972222 0.01312255859375 0.019015842013888888
0 0.338623046875 0.12608506944444445 0.026458740234375 0.04334852430555555
0 0.2406005859375 0.15907118055555555 0.0310211181640625 0.05685763888888888
0 0.404296875 0.1431206597222222 0.0287017822265625 0.04416232638888889
0 0.282470703125 0.6145833333333334 0.09027099609375 0.1909722222222222
0 0.32666015625 0.06450737847222222 0.0199127197265625 0.03439670138888889
0 0.289794921875 0.20301649305555555 0.03289794921874999 0.05631510416666666
0 0.465576171875 0.3103298611111111 0.045257568359375 0.09391276041666667
0 0.366455078125 0.060384114583333336 0.019195556640625 0.029947916666666668
0 0.490234375 0.5473090277777778 0.06658935546875001 0.17838541666666666
0 0.34521484375 0.18153211805555555 0.0261077880859375 0.05211046006944445
0 0.292724609375 0.12315538194444445 0.025909423828125 0.042426215277777776