0 0.24133333333333334 0.15266666666666667 0.0313125 0.05772222222222222
0 0.5141614583333334 0.7491296296296296 0.09125 0.2717037037037037
0 0.3491197916666666 0.01573148148148148 0.015776041666666667 0.02548148148148148
0 0.3381354166666667 0.17100925925925925 0.029921875 0.05400925925925926
0 0.47925 0.45573148148148146 0.057921875 0.14648148148148146
0 0.3220208333333333 0.017879629629629627 0.015302083333333332 0.02578703703703704
1 0.2924791666666666 0.017879629629629627 0.016463541666666668 0.029268518518518517
0 0.327390625 0.07085185185185185 0.019942708333333333 0.03341666666666667
0 0.24133333333333334 0.41862037037037036 0.07159375 0.1188148148148148
0 0.322265625 0.04326851851851852 0.016984375 0.028731481481481483
0 0.3186041666666667 0.0033703703703703704 0.014005208333333333 0.006638888888888889
0 0.338625 0.005 0.011869791666666666 0.009870370370370371