0 0.24096875 0.1582037037037037 0.0313125 0.05750925925925926
0 0.293703125 0.03572222222222222 0.015192708333333334 0.02599074074074074
0 0.3620625 0.05848148148148148 0.0195 0.03100925925925926
0 0.326171875 0.05240740740740741 0.018984375 0.030759259259259257
0 0.3374010416666666 0.2389351851851852 0.03430208333333333 0.0661388888888889
0 0.23583854166666668 0.7161481481481482 0.10540624999999999 0.22005555555555556
0 0.318359375 0.013888888888888888 0.0136875 0.026287037037037036
0 0.3361822916666667 0.1025925925925926 0.023515625 0.04204629629629629
0 0.49096875 0.8255185185185184 0.0910625 0.32270370370370366
0 0.38574479166666664 0.09798148148148147 0.024703125 0.03930555555555556
1 0.29296875 0.07855555555555556 0.026260416666666668 0.04866666666666667
0 0.3322760416666667 0.16710185185185186 0.029921875 0.050833333333333335
0 0.3395989583333333 0.006120370370370371 0.012526041666666666 0.01199074074074074