1 0.29364583333333333 0.04634259259259259 0.022473958333333332 0.045361111111111116
0 0.33646875 0.1361111111111111 0.030770833333333334 0.04978703703703704
0 0.326484375 0.08877777777777777 0.028166666666666666 0.03950925925925926
0 0.32663020833333334 0.05250925925925926 0.02266666666666667 0.03489814814814814
0 0.320265625 0.01803703703703704 0.014567708333333334 0.023592592592592592
0 0.3504947916666667 0.023962962962962964 0.016385416666666666 0.0345462962962963
0 0.36641145833333333 0.04864814814814815 0.024703125 0.033351851851851855
0 0.2427291666666667 0.15592592592592594 0.03769270833333334 0.06881481481481481
0 0.3292291666666667 0.32032407407407404 0.048505208333333334 0.09639814814814815
0 0.4866145833333333 0.5600833333333333 0.07507812500000001 0.1870462962962963
0 0.5333385416666666 0.9501018518518518 0.10776041666666666 0.0997962962962963