0 0.24108854166666666 0.1590740740740741 0.031739583333333335 0.05675
0 0.2944322916666666 0.11708333333333333 0.024187499999999997 0.039851851851851854
0 0.32153125 0.028481481481481483 0.015604166666666667 0.027944444444444445
0 0.3308125 0.06575925925925925 0.020067708333333333 0.03355555555555556
0 0.2924791666666666 0.07248148148148148 0.020291666666666666 0.031490740740740736
0 0.37378125 0.07568518518518517 0.020765625 0.032601851851851854
0 0.4609375 0.3125 0.04510416666666666 0.09369444444444444
0 0.348390625 0.01952777777777778 0.015250000000000001 0.02360185185185185
0 0.3432604166666666 0.23524074074074075 0.036348958333333334 0.07101851851851852
1 0.28246875 0.2311203703703704 0.043458333333333335 0.09287962962962963
0 0.4240729166666667 0.1912962962962963 0.03567708333333333 0.059842592592592586
0 0.3359375 0.09564814814814815 0.019166666666666665 0.0361574074074074
0 0.14575 0.932074074074074 0.134765625 0.13585185185185186
0 0.321046875 0.40190740740740744 0.056546874999999996 0.11686111111111111