0 0.33935546875 0.005662706163194444 0.01238250732421875 0.011135525173611112
0 0.293701171875 0.034912109375 0.01490020751953125 0.02680121527777778
0 0.326171875 0.05259874131944445 0.018585205078125 0.030409071180555556
0 0.2413330078125 0.1584201388888889 0.0310821533203125 0.05729166666666666
0 0.361328125 0.05740017361111111 0.019866943359375 0.030192057291666668
1 0.29345703125 0.07649739583333333 0.0258636474609375 0.04893663194444445
0 0.384765625 0.09651692708333333 0.0248870849609375 0.038872612847222224
0 0.337646484375 0.23502604166666666 0.03424072265625 0.06477864583333333
0 0.490478515625 0.8116319444444444 0.090576171875 0.3155381944444444
0 0.318115234375 0.013997395833333334 0.013427734375 0.027208116319444448
0 0.2413330078125 0.6922743055555556 0.10125732421875 0.2094184027777778
0 0.3359375 0.10091145833333333 0.0230712890625 0.04031032986111111
0 0.332763671875 0.16536458333333334 0.029541015625 0.052001953125
0 0.29736328125 0.014838324652777778 0.0125732421875 0.019680447048611112