0 0.24072395833333332 0.1590740740740741 0.031677083333333335 0.05675
0 0.317625 0.016157407407407405 0.014838541666666667 0.02424074074074074
0 0.3400885416666667 0.15592592592592594 0.029817708333333335 0.048935185185185186
0 0.417234375 0.17372222222222222 0.03085416666666667 0.04858333333333333
1 0.14441145833333333 0.6163240740740741 0.128296875 0.24739814814814814
0 0.4956041666666666 0.6888055555555556 0.0808125 0.23958333333333334
0 0.47534375 0.3535185185185185 0.05090104166666667 0.1072037037037037
0 0.374265625 0.07812962962962963 0.02021875 0.03323148148148148
0 0.328859375 0.08105555555555556 0.021817708333333335 0.036703703703703704
0 0.18847916666666667 0.9149351851851851 0.13683854166666667 0.16949074074074075
0 0.30078125 0.005555555555555556 0.005598958333333333 0.009870370370370371
0 0.28246875 0.24826851851851853 0.037473958333333335 0.06662037037037037
0 0.346921875 0.22743518518518518 0.029203125 0.06401851851851852
0 0.2932135416666667 0.14778703703703705 0.028442708333333334 0.048018518518518516